3000	11750	250
2.0	5.0	0.5
7	g	r	i	z	J	H	K
 2.00	  3500	g	 0.4456	 0.1784	-0.3213	 0.6542
 2.00	  3500	r	 0.7389	-0.5819	 0.5893	 0.1828
 2.00	  3500	i	 0.9705	-0.8832	 0.8963	-0.1152
 2.00	  3500	z	 1.0256	-1.0205	 1.1241	-0.2931
 2.00	  3500	J	 0.9283	-1.0650	 1.2781	-0.4523
 2.00	  3500	H	 0.7975	-0.0392	-0.0511	 0.0044
 2.00	  3500	K	 0.7822	-0.2407	 0.1118	-0.0397
 2.50	  3500	g	 0.4190	 0.2580	-0.3600	 0.6367
 2.50	  3500	r	 0.6821	-0.4230	 0.4025	 0.2498
 2.50	  3500	i	 0.9027	-0.7332	 0.7499	-0.0725
 2.50	  3500	z	 0.9597	-0.8563	 0.9557	-0.2348
 2.50	  3500	J	 0.9648	-1.1048	 1.2858	-0.4508
 2.50	  3500	H	 0.8272	-0.1167	 0.0221	-0.0212
 2.50	  3500	K	 0.7948	-0.2810	 0.1521	-0.0540
 3.00	  3500	g	 0.4350	 0.1969	-0.1324	 0.4495
 3.00	  3500	r	 0.6669	-0.4357	 0.5174	 0.1504
 3.00	  3500	i	 0.8586	-0.6631	 0.7333	-0.0985
 3.00	  3500	z	 0.9051	-0.7229	 0.8492	-0.2192
 3.00	  3500	J	 0.9999	-1.0891	 1.2019	-0.4159
 3.00	  3500	H	 0.8993	-0.3250	 0.2188	-0.0862
 3.00	  3500	K	 0.8505	-0.4399	 0.2956	-0.0988
 3.50	  3500	g	 0.4848	 0.1156	 0.3475	-0.0144
 3.50	  3500	r	 0.7032	-0.6823	 1.2041	-0.3360
 3.50	  3500	i	 0.8448	-0.6773	 0.9223	-0.2735
 3.50	  3500	z	 0.8321	-0.4456	 0.6044	-0.2031
 3.50	  3500	J	 1.0987	-1.0661	 0.9450	-0.3011
 3.50	  3500	H	 1.0927	-0.9368	 0.7659	-0.2565
 3.50	  3500	K	 1.0078	-0.9527	 0.7620	-0.2487
 4.00	  3500	g	 0.4624	 0.4836	 0.0130	-0.0504
 4.00	  3500	r	 0.5714	-0.1939	 0.8876	-0.4019
 4.00	  3500	i	 0.7777	-0.4146	 0.7208	-0.2878
 4.00	  3500	z	 0.7856	-0.1102	 0.1652	-0.0791
 4.00	  3500	J	 1.2541	-1.2872	 0.9880	-0.3046
 4.00	  3500	H	 1.3236	-1.6056	 1.2901	-0.4122
 4.00	  3500	K	 1.1728	-1.4657	 1.1760	-0.3753
 4.50	  3500	g	 0.4124	 0.8673	-0.5063	 0.1135
 4.50	  3500	r	 0.4041	 0.5018	 0.0921	-0.1587
 4.50	  3500	i	 0.6810	-0.0280	 0.2814	-0.1571
 4.50	  3500	z	 0.7441	 0.1967	-0.2930	 0.0957
 4.50	  3500	J	 1.4050	-1.5868	 1.1838	-0.3580
 4.50	  3500	H	 1.4195	-1.9446	 1.5935	-0.5163
 4.50	  3500	K	 1.2358	-1.7169	 1.4068	-0.4548
 5.00	  3500	g	 0.4041	 0.9840	-0.7100	 0.1911
 5.00	  3500	r	 0.2918	 1.0379	-0.6066	 0.1006
 5.00	  3500	i	 0.6031	 0.3064	-0.1395	-0.0058
 5.00	  3500	z	 0.7387	 0.3467	-0.5638	 0.2121
 5.00	  3500	J	 1.4811	-1.7518	 1.3023	-0.3904
 5.00	  3500	H	 1.4415	-2.0608	 1.7073	-0.5556
 5.00	  3500	K	 1.2547	-1.8237	 1.5213	-0.4978
 2.00	  3750	g	 0.5999	-0.6646	 0.9266	 0.0818
 2.00	  3750	r	 0.8799	-1.2790	 1.8530	-0.5086
 2.00	  3750	i	 1.0978	-1.5470	 1.9459	-0.6087
 2.00	  3750	z	 1.0430	-1.3439	 1.6903	-0.5818
 2.00	  3750	J	 0.6496	-0.4357	 0.7462	-0.2941
 2.00	  3750	H	 0.8018	 0.0306	-0.1920	 0.0672
 2.00	  3750	K	 0.7986	-0.2169	 0.0356	-0.0030
 2.50	  3750	g	 0.6134	-0.6361	 0.8680	 0.0982
 2.50	  3750	r	 0.8590	-1.2549	 1.8076	-0.4775
 2.50	  3750	i	 1.0677	-1.5007	 1.8737	-0.5692
 2.50	  3750	z	 1.0012	-1.2592	 1.5982	-0.5438
 2.50	  3750	J	 0.6768	-0.5022	 0.8030	-0.3128
 2.50	  3750	H	 0.8030	 0.0188	-0.1785	 0.0615
 2.50	  3750	K	 0.7846	-0.2004	 0.0281	-0.0024
 3.00	  3750	g	 0.6180	-0.5875	 0.8032	 0.1061
 3.00	  3750	r	 0.8292	-1.1992	 1.7329	-0.4412
 3.00	  3750	i	 1.0232	-1.4045	 1.7508	-0.5153
 3.00	  3750	z	 0.9549	-1.1501	 1.4786	-0.4974
 3.00	  3750	J	 0.6973	-0.5302	 0.8069	-0.3097
 3.00	  3750	H	 0.8152	-0.0208	-0.1386	 0.0465
 3.00	  3750	K	 0.7810	-0.1973	 0.0206	 0.0022
 3.50	  3750	g	 0.6024	-0.4555	 0.7364	 0.0451
 3.50	  3750	r	 0.7628	-1.0055	 1.5779	-0.4311
 3.50	  3750	i	 0.9510	-1.2113	 1.5732	-0.4788
 3.50	  3750	z	 0.8769	-0.8976	 1.2042	-0.4125
 3.50	  3750	J	 0.7297	-0.5042	 0.6880	-0.2534
 3.50	  3750	H	 0.8808	-0.2411	 0.0858	-0.0309
 3.50	  3750	K	 0.8380	-0.3840	 0.2073	-0.0619
 4.00	  3750	g	 0.5421	-0.0268	 0.4575	-0.0709
 4.00	  3750	r	 0.5820	-0.2788	 0.9066	-0.3396
 4.00	  3750	i	 0.8039	-0.6759	 1.0672	-0.3912
 4.00	  3750	z	 0.7459	-0.2862	 0.4577	-0.1755
 4.00	  3750	J	 0.8546	-0.5308	 0.4489	-0.1300
 4.00	  3750	H	 1.0681	-0.8729	 0.6913	-0.2288
 4.00	  3750	K	 0.9953	-0.9152	 0.7125	-0.2283
 4.50	  3750	g	 0.5129	 0.4549	-0.1050	 0.0149
 4.50	  3750	r	 0.4286	 0.5978	-0.1660	-0.0211
 4.50	  3750	i	 0.6793	-0.0475	 0.3097	-0.1651
 4.50	  3750	z	 0.7279	 0.0924	-0.1445	 0.0444
 4.50	  3750	J	 1.0471	-0.8184	 0.5357	-0.1416
 4.50	  3750	H	 1.2759	-1.4987	 1.2043	-0.3847
 4.50	  3750	K	 1.1491	-1.4081	 1.1306	-0.3606
 5.00	  3750	g	 0.5053	 0.7507	-0.5664	 0.1716
 5.00	  3750	r	 0.3655	 1.1458	-0.9791	 0.2894
 5.00	  3750	i	 0.6088	 0.3986	-0.3223	 0.0728
 5.00	  3750	z	 0.7648	 0.2273	-0.4723	 0.1899
 5.00	  3750	J	 1.2148	-1.1642	 0.7776	-0.2134
 5.00	  3750	H	 1.3765	-1.8375	 1.4916	-0.4793
 5.00	  3750	K	 1.2168	-1.6658	 1.3610	-0.4388
 2.00	  4000	g	 0.5273	-0.6776	 1.2609	-0.1762
 2.00	  4000	r	 0.8496	-1.0920	 1.7289	-0.5559
 2.00	  4000	i	 1.0608	-1.3512	 1.7837	-0.6130
 2.00	  4000	z	 1.0124	-1.2500	 1.6086	-0.5770
 2.00	  4000	J	 0.6182	-0.3039	 0.6327	-0.2760
 2.00	  4000	H	 0.8259	 0.0039	-0.2235	 0.0902
 2.00	  4000	K	 0.8178	-0.2508	 0.0372	 0.0023
 2.50	  4000	g	 0.5787	-0.7739	 1.3277	-0.1943
 2.50	  4000	r	 0.8109	-1.0308	 1.6790	-0.5372
 2.50	  4000	i	 0.9929	-1.2548	 1.7199	-0.5935
 2.50	  4000	z	 0.9410	-1.1045	 1.4698	-0.5273
 2.50	  4000	J	 0.6005	-0.2811	 0.6121	-0.2678
 2.50	  4000	H	 0.8197	 0.0109	-0.2224	 0.0866
 2.50	  4000	K	 0.7987	-0.2168	 0.0113	 0.0099
 3.00	  4000	g	 0.6114	-0.8188	 1.3348	-0.1908
 3.00	  4000	r	 0.7706	-0.9770	 1.6424	-0.5243
 3.00	  4000	i	 0.9352	-1.1852	 1.6801	-0.5811
 3.00	  4000	z	 0.8768	-0.9788	 1.3551	-0.4877
 3.00	  4000	J	 0.5800	-0.2367	 0.5580	-0.2442
 3.00	  4000	H	 0.8149	 0.0154	-0.2220	 0.0845
 3.00	  4000	K	 0.7853	-0.1946	-0.0055	 0.0150
 3.50	  4000	g	 0.6354	-0.8396	 1.3295	-0.1949
 3.50	  4000	r	 0.7357	-0.9413	 1.6334	-0.5268
 3.50	  4000	i	 0.8895	-1.1415	 1.6662	-0.5800
 3.50	  4000	z	 0.8209	-0.8712	 1.2608	-0.4575
 3.50	  4000	J	 0.5680	-0.2086	 0.5236	-0.2315
 3.50	  4000	H	 0.8175	 0.0097	-0.2235	 0.0869
 3.50	  4000	K	 0.7803	-0.1818	-0.0227	 0.0222
 4.00	  4000	g	 0.6010	-0.6001	 1.0649	-0.1516
 4.00	  4000	r	 0.6389	-0.5903	 1.2427	-0.4094
 4.00	  4000	i	 0.7931	-0.8367	 1.3336	-0.4765
 4.00	  4000	z	 0.7320	-0.5503	 0.8789	-0.3244
 4.00	  4000	J	 0.5842	-0.1339	 0.3342	-0.1407
 4.00	  4000	H	 0.8886	-0.2432	 0.0491	-0.0116
 4.00	  4000	K	 0.8486	-0.4111	 0.2161	-0.0624
 4.50	  4000	g	 0.5250	 0.0003	 0.4193	-0.0572
 4.50	  4000	r	 0.4959	 0.2615	 0.1536	-0.0585
 4.50	  4000	i	 0.6510	-0.1034	 0.4004	-0.1634
 4.50	  4000	z	 0.6683	-0.0193	 0.0979	-0.0317
 4.50	  4000	J	 0.7382	-0.2476	 0.1761	-0.0358
 4.50	  4000	H	 1.0645	-0.8634	 0.6712	-0.2216
 4.50	  4000	K	 0.9999	-0.9302	 0.7220	-0.2310
 5.00	  4000	g	 0.5500	 0.3800	-0.1040	 0.0441
 5.00	  4000	r	 0.5237	 0.7197	-0.6159	 0.2093
 5.00	  4000	i	 0.6500	 0.3137	-0.2836	 0.0876
 5.00	  4000	z	 0.7714	 0.0541	-0.2244	 0.1049
 5.00	  4000	J	 0.9703	-0.6457	 0.3761	-0.0840
 5.00	  4000	H	 1.2436	-1.4283	 1.1516	-0.3685
 5.00	  4000	K	 1.1295	-1.3582	 1.0874	-0.3446
 2.00	  4250	g	 0.4853	-0.5775	 1.3482	-0.3297
 2.00	  4250	r	 0.8184	-1.0227	 1.7196	-0.6134
 2.00	  4250	i	 1.0866	-1.4544	 1.9119	-0.6902
 2.00	  4250	z	 0.9889	-1.2133	 1.5917	-0.5928
 2.00	  4250	J	 0.6540	-0.3170	 0.6094	-0.2771
 2.00	  4250	H	 0.8383	-0.0464	-0.2142	 0.0971
 2.00	  4250	K	 0.8099	-0.2595	 0.0228	 0.0138
 2.50	  4250	g	 0.5597	-0.7608	 1.5246	-0.3882
 2.50	  4250	r	 0.8145	-1.0199	 1.7100	-0.6046
 2.50	  4250	i	 1.0335	-1.3423	 1.8043	-0.6506
 2.50	  4250	z	 0.9423	-1.1162	 1.4913	-0.5527
 2.50	  4250	J	 0.6326	-0.2964	 0.6028	-0.2756
 2.50	  4250	H	 0.8233	-0.0142	-0.2356	 0.1003
 2.50	  4250	K	 0.7937	-0.2353	 0.0136	 0.0131
 3.00	  4250	g	 0.6068	-0.8676	 1.6062	-0.4071
 3.00	  4250	r	 0.7926	-0.9733	 1.6579	-0.5814
 3.00	  4250	i	 0.9706	-1.2060	 1.6740	-0.6035
 3.00	  4250	z	 0.8928	-1.0098	 1.3849	-0.5129
 3.00	  4250	J	 0.6113	-0.2657	 0.5778	-0.2656
 3.00	  4250	H	 0.8123	 0.0066	-0.2465	 0.1006
 3.00	  4250	K	 0.7810	-0.2181	 0.0107	 0.0101
 3.50	  4250	g	 0.6390	-0.9386	 1.6514	-0.4156
 3.50	  4250	r	 0.7617	-0.9139	 1.6035	-0.5615
 3.50	  4250	i	 0.9060	-1.0746	 1.5560	-0.5628
 3.50	  4250	z	 0.8422	-0.9026	 1.2809	-0.4751
 3.50	  4250	J	 0.5895	-0.2302	 0.5483	-0.2554
 3.50	  4250	H	 0.8060	 0.0214	-0.2576	 0.1026
 3.50	  4250	K	 0.7660	-0.1820	-0.0235	 0.0219
 4.00	  4250	g	 0.6598	-0.9752	 1.6632	-0.4182
 4.00	  4250	r	 0.7189	-0.8313	 1.5397	-0.5455
 4.00	  4250	i	 0.8380	-0.9436	 1.4511	-0.5325
 4.00	  4250	z	 0.7861	-0.7835	 1.1738	-0.4412
 4.00	  4250	J	 0.5555	-0.1462	 0.4580	-0.2217
 4.00	  4250	H	 0.8072	 0.0271	-0.2749	 0.1121
 4.00	  4250	K	 0.7622	-0.1634	-0.0502	 0.0329
 4.50	  4250	g	 0.6114	-0.7020	 1.3218	-0.3187
 4.50	  4250	r	 0.6156	-0.4261	 1.0484	-0.3727
 4.50	  4250	i	 0.7241	-0.5581	 1.0064	-0.3776
 4.50	  4250	z	 0.6940	-0.4450	 0.7624	-0.2915
 4.50	  4250	J	 0.5497	-0.0259	 0.2297	-0.1162
 4.50	  4250	H	 0.8847	-0.2346	 0.0099	 0.0070
 4.50	  4250	K	 0.8357	-0.3922	 0.1793	-0.0451
 5.00	  4250	g	 0.5161	-0.0290	 0.4856	-0.0856
 5.00	  4250	r	 0.5341	 0.2748	 0.0347	 0.0007
 5.00	  4250	i	 0.6321	 0.0784	 0.0981	-0.0351
 5.00	  4250	z	 0.6601	 0.0036	 0.0481	-0.0070
 5.00	  4250	J	 0.6950	-0.1325	 0.0682	-0.0017
 5.00	  4250	H	 1.0636	-0.8625	 0.6641	-0.2215
 5.00	  4250	K	 0.9997	-0.9357	 0.7244	-0.2320
 2.00	  4500	g	 0.4671	-0.4587	 1.3054	-0.4000
 2.00	  4500	r	 0.7140	-0.7333	 1.4534	-0.5654
 2.00	  4500	i	 0.9336	-1.1311	 1.6314	-0.6237
 2.00	  4500	z	 0.9025	-1.0008	 1.3827	-0.5376
 2.00	  4500	J	 0.6619	-0.2682	 0.4971	-0.2358
 2.00	  4500	H	 0.8400	-0.0944	-0.1973	 0.1003
 2.00	  4500	K	 0.7931	-0.2676	 0.0176	 0.0201
 2.50	  4500	g	 0.5383	-0.6596	 1.5292	-0.4842
 2.50	  4500	r	 0.7228	-0.7787	 1.5030	-0.5789
 2.50	  4500	i	 0.9003	-1.0688	 1.5688	-0.5972
 2.50	  4500	z	 0.8673	-0.9417	 1.3265	-0.5135
 2.50	  4500	J	 0.6386	-0.2560	 0.5144	-0.2468
 2.50	  4500	H	 0.8126	-0.0293	-0.2493	 0.1135
 2.50	  4500	K	 0.7763	-0.2497	 0.0259	 0.0094
 3.00	  4500	g	 0.5863	-0.7962	 1.6712	-0.5330
 3.00	  4500	r	 0.7173	-0.7819	 1.5074	-0.5771
 3.00	  4500	i	 0.8655	-0.9983	 1.5002	-0.5708
 3.00	  4500	z	 0.8302	-0.8694	 1.2541	-0.4840
 3.00	  4500	J	 0.6124	-0.2209	 0.4950	-0.2413
 3.00	  4500	H	 0.7958	 0.0085	-0.2755	 0.1183
 3.00	  4500	K	 0.7595	-0.2201	 0.0104	 0.0109
 3.50	  4500	g	 0.6210	-0.8961	 1.7654	-0.5612
 3.50	  4500	r	 0.7077	-0.7736	 1.5004	-0.5718
 3.50	  4500	i	 0.8322	-0.9277	 1.4302	-0.5438
 3.50	  4500	z	 0.8002	-0.8138	 1.2025	-0.4645
 3.50	  4500	J	 0.5927	-0.1977	 0.4857	-0.2396
 3.50	  4500	H	 0.7842	 0.0337	-0.2905	 0.1196
 3.50	  4500	K	 0.7444	-0.1890	-0.0122	 0.0168
 4.00	  4500	g	 0.6478	-0.9727	 1.8323	-0.5806
 4.00	  4500	r	 0.6964	-0.7665	 1.5077	-0.5780
 4.00	  4500	i	 0.8021	-0.8714	 1.3870	-0.5317
 4.00	  4500	z	 0.7726	-0.7662	 1.1661	-0.4540
 4.00	  4500	J	 0.5699	-0.1585	 0.4574	-0.2321
 4.00	  4500	H	 0.7767	 0.0611	-0.3230	 0.1322
 4.00	  4500	K	 0.7279	-0.1377	-0.0701	 0.0393
 4.50	  4500	g	 0.6656	-1.0202	 1.8641	-0.5881
 4.50	  4500	r	 0.6725	-0.7186	 1.4701	-0.5689
 4.50	  4500	i	 0.7640	-0.7900	 1.3181	-0.5116
 4.50	  4500	z	 0.7374	-0.6905	 1.0974	-0.4316
 4.50	  4500	J	 0.5427	-0.0928	 0.3900	-0.2075
 4.50	  4500	H	 0.7776	 0.0693	-0.3384	 0.1390
 4.50	  4500	K	 0.7232	-0.1158	-0.0993	 0.0513
 5.00	  4500	g	 0.6091	-0.7543	 1.5168	-0.4650
 5.00	  4500	r	 0.5818	-0.3515	 1.0124	-0.3994
 5.00	  4500	i	 0.6661	-0.4337	 0.8929	-0.3568
 5.00	  4500	z	 0.6475	-0.3605	 0.6941	-0.2801
 5.00	  4500	J	 0.5261	 0.0435	 0.1608	-0.1039
 5.00	  4500	H	 0.8570	-0.1727	-0.0857	 0.0483
 5.00	  4500	K	 0.7972	-0.3264	 0.1065	-0.0181
 2.00	  4750	g	 0.4569	-0.3513	 1.2166	-0.4235
 2.00	  4750	r	 0.6701	-0.5532	 1.2531	-0.5251
 2.00	  4750	i	 0.8510	-0.9151	 1.4247	-0.5778
 2.00	  4750	z	 0.8607	-0.8887	 1.2640	-0.5122
 2.00	  4750	J	 0.6486	-0.1992	 0.3672	-0.1839
 2.00	  4750	H	 0.8333	-0.1369	-0.1748	 0.0994
 2.00	  4750	K	 0.7630	-0.2522	-0.0073	 0.0336
 2.50	  4750	g	 0.5237	-0.5394	 1.4445	-0.5198
 2.50	  4750	r	 0.6867	-0.6269	 1.3465	-0.5604
 2.50	  4750	i	 0.8320	-0.8954	 1.4115	-0.5704
 2.50	  4750	z	 0.8360	-0.8559	 1.2405	-0.5022
 2.50	  4750	J	 0.6298	-0.1875	 0.3856	-0.1974
 2.50	  4750	H	 0.8002	-0.0442	-0.2673	 0.1311
 2.50	  4750	K	 0.7390	-0.2076	-0.0319	 0.0358
 3.00	  4750	g	 0.5676	-0.6769	 1.6098	-0.5862
 3.00	  4750	r	 0.6828	-0.6440	 1.3752	-0.5696
 3.00	  4750	i	 0.8019	-0.8426	 1.3636	-0.5511
 3.00	  4750	z	 0.7999	-0.7887	 1.1784	-0.4776
 3.00	  4750	J	 0.6052	-0.1554	 0.3755	-0.1977
 3.00	  4750	H	 0.7828	-0.0005	-0.2975	 0.1355
 3.00	  4750	K	 0.7232	-0.1808	-0.0404	 0.0331
 3.50	  4750	g	 0.5948	-0.7719	 1.7178	-0.6247
 3.50	  4750	r	 0.6690	-0.6318	 1.3677	-0.5634
 3.50	  4750	i	 0.7679	-0.7723	 1.2915	-0.5211
 3.50	  4750	z	 0.7671	-0.7287	 1.1230	-0.4556
 3.50	  4750	J	 0.5817	-0.1237	 0.3622	-0.1956
 3.50	  4750	H	 0.7670	 0.0316	-0.3133	 0.1356
 3.50	  4750	K	 0.7119	-0.1653	-0.0401	 0.0289
 4.00	  4750	g	 0.6111	-0.8355	 1.7900	-0.6510
 4.00	  4750	r	 0.6557	-0.6235	 1.3761	-0.5699
 4.00	  4750	i	 0.7419	-0.7275	 1.2581	-0.5113
 4.00	  4750	z	 0.7412	-0.6885	 1.0955	-0.4476
 4.00	  4750	J	 0.5572	-0.0831	 0.3372	-0.1903
 4.00	  4750	H	 0.7561	 0.0660	-0.3479	 0.1473
 4.00	  4750	K	 0.6952	-0.1192	-0.0856	 0.0448
 4.50	  4750	g	 0.6272	-0.8987	 1.8536	-0.6704
 4.50	  4750	r	 0.6399	-0.6048	 1.3699	-0.5698
 4.50	  4750	i	 0.7150	-0.6749	 1.2136	-0.4965
 4.50	  4750	z	 0.7139	-0.6376	 1.0524	-0.4327
 4.50	  4750	J	 0.5342	-0.0402	 0.3044	-0.1804
 4.50	  4750	H	 0.7490	 0.0888	-0.3683	 0.1529
 4.50	  4750	K	 0.6833	-0.0816	-0.1252	 0.0592
 5.00	  4750	g	 0.6364	-0.9344	 1.8827	-0.6779
 5.00	  4750	r	 0.6217	-0.5716	 1.3502	-0.5682
 5.00	  4750	i	 0.6914	-0.6270	 1.1782	-0.4887
 5.00	  4750	z	 0.6879	-0.5821	 1.0036	-0.4174
 5.00	  4750	J	 0.5120	 0.0145	 0.2504	-0.1617
 5.00	  4750	H	 0.7497	 0.1015	-0.3900	 0.1621
 5.00	  4750	K	 0.6778	-0.0553	-0.1602	 0.0736
 2.00	  5000	g	 0.3848	-0.0565	 0.8858	-0.3388
 2.00	  5000	r	 0.5926	-0.2520	 0.8820	-0.4060
 2.00	  5000	i	 0.7726	-0.6585	 1.1364	-0.4937
 2.00	  5000	z	 0.7803	-0.6612	 1.0101	-0.4337
 2.00	  5000	J	 0.5821	 0.0151	 0.0712	-0.0642
 2.00	  5000	H	 0.8368	-0.1973	-0.1419	 0.0973
 2.00	  5000	K	 0.7271	-0.2009	-0.0855	 0.0712
 2.50	  5000	g	 0.4659	-0.2873	 1.1730	-0.4638
 2.50	  5000	r	 0.6346	-0.4081	 1.0831	-0.4882
 2.50	  5000	i	 0.7815	-0.7287	 1.2338	-0.5309
 2.50	  5000	z	 0.7867	-0.7187	 1.0938	-0.4672
 2.50	  5000	J	 0.5807	-0.0220	 0.1480	-0.1021
 2.50	  5000	H	 0.7947	-0.0803	-0.2587	 0.1376
 2.50	  5000	K	 0.6921	-0.1308	-0.1320	 0.0797
 3.00	  5000	g	 0.5240	-0.4648	 1.3947	-0.5582
 3.00	  5000	r	 0.6541	-0.4954	 1.1989	-0.5342
 3.00	  5000	i	 0.7746	-0.7433	 1.2622	-0.5404
 3.00	  5000	z	 0.7767	-0.7199	 1.1063	-0.4708
 3.00	  5000	J	 0.5762	-0.0421	 0.1983	-0.1274
 3.00	  5000	H	 0.7673	-0.0098	-0.3181	 0.1536
 3.00	  5000	K	 0.6747	-0.1037	-0.1377	 0.0752
 3.50	  5000	g	 0.5592	-0.5849	 1.5447	-0.6193
 3.50	  5000	r	 0.6542	-0.5236	 1.2417	-0.5491
 3.50	  5000	i	 0.7534	-0.7096	 1.2306	-0.5250
 3.50	  5000	z	 0.7539	-0.6804	 1.0695	-0.4541
 3.50	  5000	J	 0.5677	-0.0474	 0.2277	-0.1431
 3.50	  5000	H	 0.7478	 0.0325	-0.3417	 0.1553
 3.50	  5000	K	 0.6717	-0.1197	-0.0928	 0.0506
 4.00	  5000	g	 0.5755	-0.6522	 1.6293	-0.6524
 4.00	  5000	r	 0.6390	-0.5064	 1.2351	-0.5464
 4.00	  5000	i	 0.7267	-0.6598	 1.1863	-0.5075
 4.00	  5000	z	 0.7270	-0.6308	 1.0270	-0.4380
 4.00	  5000	J	 0.5489	-0.0166	 0.2117	-0.1400
 4.00	  5000	H	 0.7402	 0.0510	-0.3487	 0.1534
 4.00	  5000	K	 0.6599	-0.0905	-0.1150	 0.0566
 4.50	  5000	g	 0.5858	-0.7060	 1.6944	-0.6754
 4.50	  5000	r	 0.6233	-0.4909	 1.2347	-0.5480
 4.50	  5000	i	 0.7012	-0.6131	 1.1474	-0.4933
 4.50	  5000	z	 0.7021	-0.5875	 0.9936	-0.4264
 4.50	  5000	J	 0.5292	 0.0166	 0.1936	-0.1369
 4.50	  5000	H	 0.7322	 0.0739	-0.3634	 0.1552
 4.50	  5000	K	 0.6493	-0.0593	-0.1443	 0.0667
 5.00	  5000	g	 0.5953	-0.7591	 1.7640	-0.7044
 5.00	  5000	r	 0.6058	-0.4656	 1.2282	-0.5519
 5.00	  5000	i	 0.6755	-0.5612	 1.1067	-0.4821
 5.00	  5000	z	 0.6779	-0.5421	 0.9600	-0.4173
 5.00	  5000	J	 0.5048	 0.0746	 0.1402	-0.1192
 5.00	  5000	H	 0.7299	 0.0942	-0.3885	 0.1639
 5.00	  5000	K	 0.6420	-0.0274	-0.1813	 0.0800
 2.00	  5250	g	 0.2768	 0.3744	 0.3477	-0.1497
 2.00	  5250	r	 0.4795	 0.1851	 0.3054	-0.1845
 2.00	  5250	i	 0.6521	-0.2383	 0.6065	-0.2953
 2.00	  5250	z	 0.6690	-0.3049	 0.5699	-0.2689
 2.00	  5250	J	 0.5337	 0.2033	-0.2215	 0.0643
 2.00	  5250	H	 0.8684	-0.3470	-0.0032	 0.0538
 2.00	  5250	K	 0.7231	-0.2361	-0.0690	 0.0731
 2.50	  5250	g	 0.3581	 0.1433	 0.6446	-0.2837
 2.50	  5250	r	 0.5305	-0.0151	 0.5812	-0.3052
 2.50	  5250	i	 0.6818	-0.3912	 0.8236	-0.3876
 2.50	  5250	z	 0.6910	-0.4266	 0.7469	-0.3454
 2.50	  5250	J	 0.5196	 0.1932	-0.1632	 0.0293
 2.50	  5250	H	 0.8080	-0.1711	-0.1897	 0.1221
 2.50	  5250	K	 0.6623	-0.0878	-0.2061	 0.1178
 3.00	  5250	g	 0.4232	-0.0541	 0.9009	-0.3990
 3.00	  5250	r	 0.5702	-0.1686	 0.7863	-0.3924
 3.00	  5250	i	 0.6991	-0.4844	 0.9531	-0.4405
 3.00	  5250	z	 0.7044	-0.5016	 0.8525	-0.3890
 3.00	  5250	J	 0.5196	 0.1562	-0.0882	-0.0082
 3.00	  5250	H	 0.7694	-0.0652	-0.2922	 0.1561
 3.00	  5250	K	 0.6330	-0.0292	-0.2439	 0.1245
 3.50	  5250	g	 0.4830	-0.2555	 1.1614	-0.5110
 3.50	  5250	r	 0.6001	-0.2915	 0.9479	-0.4574
 3.50	  5250	i	 0.7093	-0.5486	 1.0402	-0.4729
 3.50	  5250	z	 0.7129	-0.5550	 0.9253	-0.4162
 3.50	  5250	J	 0.5264	 0.1014	 0.0066	-0.0528
 3.50	  5250	H	 0.7341	 0.0231	-0.3635	 0.1743
 3.50	  5250	K	 0.6201	-0.0239	-0.2133	 0.1020
 4.00	  5250	g	 0.5236	-0.4001	 1.3432	-0.5845
 4.00	  5250	r	 0.6125	-0.3549	 1.0330	-0.4892
 4.00	  5250	i	 0.7056	-0.5629	 1.0641	-0.4788
 4.00	  5250	z	 0.7069	-0.5578	 0.9353	-0.4172
 4.00	  5250	J	 0.5292	 0.0679	 0.0678	-0.0810
 4.00	  5250	H	 0.7183	 0.0562	-0.3745	 0.1702
 4.00	  5250	K	 0.6168	-0.0323	-0.1800	 0.0827
 4.50	  5250	g	 0.5371	-0.4581	 1.4198	-0.6161
 4.50	  5250	r	 0.6033	-0.3476	 1.0392	-0.4937
 4.50	  5250	i	 0.6865	-0.5258	 1.0323	-0.4667
 4.50	  5250	z	 0.6887	-0.5218	 0.9050	-0.4058
 4.50	  5250	J	 0.5206	 0.0805	 0.0685	-0.0846
 4.50	  5250	H	 0.7150	 0.0668	-0.3755	 0.1669
 4.50	  5250	K	 0.6154	-0.0271	-0.1789	 0.0801
 5.00	  5250	g	 0.5425	-0.4961	 1.4775	-0.6425
 5.00	  5250	r	 0.5856	-0.3160	 1.0225	-0.4921
 5.00	  5250	i	 0.6631	-0.4778	 0.9943	-0.4552
 5.00	  5250	z	 0.6668	-0.4771	 0.8697	-0.3949
 5.00	  5250	J	 0.5016	 0.1290	 0.0236	-0.0694
 5.00	  5250	H	 0.7148	 0.0786	-0.3869	 0.1694
 5.00	  5250	K	 0.6092	 0.0038	-0.2171	 0.0954
 2.00	  5500	g	 0.1938	 0.7634	-0.1915	 0.0607
 2.00	  5500	r	 0.3942	 0.5796	-0.2739	 0.0587
 2.00	  5500	i	 0.5456	 0.1816	 0.0219	-0.0552
 2.00	  5500	z	 0.5772	 0.0394	 0.0944	-0.0731
 2.00	  5500	J	 0.5335	 0.2655	-0.3894	 0.1510
 2.00	  5500	H	 0.9156	-0.5524	 0.2063	-0.0194
 2.00	  5500	K	 0.7399	-0.3280	 0.0070	 0.0524
 2.50	  5500	g	 0.2505	 0.6233	-0.0040	-0.0322
 2.50	  5500	r	 0.4180	 0.4546	-0.0692	-0.0413
 2.50	  5500	i	 0.5562	 0.0708	 0.2153	-0.1475
 2.50	  5500	z	 0.5820	-0.0455	 0.2521	-0.1514
 2.50	  5500	J	 0.4905	 0.3436	-0.4285	 0.1520
 2.50	  5500	H	 0.8518	-0.3531	-0.0162	 0.0656
 2.50	  5500	K	 0.6631	-0.1201	-0.2047	 0.1279
 3.00	  5500	g	 0.3135	 0.4234	 0.2717	-0.1622
 3.00	  5500	r	 0.4636	 0.2598	 0.2099	-0.1666
 3.00	  5500	i	 0.5913	-0.0997	 0.4595	-0.2532
 3.00	  5500	z	 0.6098	-0.1856	 0.4546	-0.2399
 3.00	  5500	J	 0.4772	 0.3326	-0.3693	 0.1166
 3.00	  5500	H	 0.7898	-0.1747	-0.2018	 0.1325
 3.00	  5500	K	 0.6151	-0.0112	-0.2912	 0.1507
 3.50	  5500	g	 0.3838	 0.1708	 0.6163	-0.3167
 3.50	  5500	r	 0.5172	 0.0383	 0.5134	-0.2963
 3.50	  5500	i	 0.6300	-0.2711	 0.6899	-0.3468
 3.50	  5500	z	 0.6418	-0.3277	 0.6460	-0.3177
 3.50	  5500	J	 0.4825	 0.2652	-0.2427	 0.0543
 3.50	  5500	H	 0.7312	-0.0162	-0.3498	 0.1793
 3.50	  5500	K	 0.5809	 0.0522	-0.3198	 0.1493
 4.00	  5500	g	 0.4405	-0.0324	 0.8830	-0.4308
 4.00	  5500	r	 0.5518	-0.0978	 0.6911	-0.3681
 4.00	  5500	i	 0.6506	-0.3614	 0.8069	-0.3911
 4.00	  5500	z	 0.6586	-0.4002	 0.7391	-0.3523
 4.00	  5500	J	 0.4933	 0.2019	-0.1398	 0.0070
 4.00	  5500	H	 0.7056	 0.0424	-0.3852	 0.1832
 4.00	  5500	K	 0.5768	 0.0367	-0.2701	 0.1212
 4.50	  5500	g	 0.4697	-0.1370	 1.0205	-0.4900
 4.50	  5500	r	 0.5614	-0.1395	 0.7509	-0.3933
 4.50	  5500	i	 0.6501	-0.3729	 0.8275	-0.3983
 4.50	  5500	z	 0.6575	-0.4069	 0.7528	-0.3568
 4.50	  5500	J	 0.4979	 0.1789	-0.1021	-0.0097
 4.50	  5500	H	 0.7039	 0.0417	-0.3674	 0.1712
 4.50	  5500	K	 0.5769	 0.0338	-0.2590	 0.1152
 5.00	  5500	g	 0.4822	-0.1900	 1.0981	-0.5266
 5.00	  5500	r	 0.5537	-0.1267	 0.7516	-0.3982
 5.00	  5500	i	 0.6379	-0.3486	 0.8128	-0.3953
 5.00	  5500	z	 0.6455	-0.3799	 0.7321	-0.3503
 5.00	  5500	J	 0.4921	 0.1947	-0.1107	-0.0092
 5.00	  5500	H	 0.7038	 0.0501	-0.3713	 0.1701
 5.00	  5500	K	 0.5805	 0.0298	-0.2517	 0.1110
 2.00	  5750	g	 0.1743	 0.9720	-0.5387	 0.2038
 2.00	  5750	r	 0.3741	 0.7880	-0.6584	 0.2357
 2.00	  5750	i	 0.4953	 0.4497	-0.4165	 0.1409
 2.00	  5750	z	 0.5337	 0.2561	-0.2572	 0.0839
 2.00	  5750	J	 0.5725	 0.2057	-0.4177	 0.1847
 2.00	  5750	H	 0.9620	-0.7570	 0.4165	-0.0925
 2.00	  5750	K	 0.7599	-0.4275	 0.0840	 0.0343
 2.50	  5750	g	 0.2025	 0.9230	-0.4600	 0.1544
 2.50	  5750	r	 0.3583	 0.7739	-0.5699	 0.1773
 2.50	  5750	i	 0.4738	 0.4219	-0.3000	 0.0727
 2.50	  5750	z	 0.5092	 0.2495	-0.1758	 0.0306
 2.50	  5750	J	 0.4990	 0.3768	-0.5620	 0.2267
 2.50	  5750	H	 0.8912	-0.5286	 0.1566	 0.0083
 2.50	  5750	K	 0.6743	-0.1875	-0.1627	 0.1222
 3.00	  5750	g	 0.2410	 0.7971	-0.2657	 0.0539
 3.00	  5750	r	 0.3824	 0.6266	-0.3247	 0.0580
 3.00	  5750	i	 0.4964	 0.2666	-0.0464	-0.0456
 3.00	  5750	z	 0.5273	 0.1194	 0.0385	-0.0706
 3.00	  5750	J	 0.4621	 0.4300	-0.5645	 0.2111
 3.00	  5750	H	 0.8133	-0.2924	-0.0979	 0.1021
 3.00	  5750	K	 0.6033	-0.0048	-0.3322	 0.1767
 3.50	  5750	g	 0.2964	 0.5895	 0.0344	-0.0874
 3.50	  5750	r	 0.4272	 0.4222	-0.0248	-0.0776
 3.50	  5750	i	 0.5338	 0.0857	 0.2156	-0.1598
 3.50	  5750	z	 0.5576	-0.0292	 0.2542	-0.1647
 3.50	  5750	J	 0.4521	 0.4076	-0.4861	 0.1659
 3.50	  5750	H	 0.7466	-0.1031	-0.2866	 0.1667
 3.50	  5750	K	 0.5632	 0.0784	-0.3825	 0.1832
 4.00	  5750	g	 0.3465	 0.4046	 0.2919	-0.2050
 4.00	  5750	r	 0.4689	 0.2535	 0.2064	-0.1772
 4.00	  5750	i	 0.5661	-0.0503	 0.3981	-0.2345
 4.00	  5750	z	 0.5855	-0.1462	 0.4108	-0.2289
 4.00	  5750	J	 0.4602	 0.3459	-0.3790	 0.1148
 4.00	  5750	H	 0.7121	-0.0226	-0.3433	 0.1779
 4.00	  5750	K	 0.5525	 0.0765	-0.3431	 0.1575
 4.50	  5750	g	 0.3946	 0.2217	 0.5420	-0.3157
 4.50	  5750	r	 0.5023	 0.1211	 0.3856	-0.2527
 4.50	  5750	i	 0.5900	-0.1492	 0.5295	-0.2867
 4.50	  5750	z	 0.6053	-0.2263	 0.5156	-0.2695
 4.50	  5750	J	 0.4708	 0.2871	-0.2831	 0.0706
 4.50	  5750	H	 0.6935	 0.0162	-0.3567	 0.1739
 4.50	  5750	K	 0.5509	 0.0614	-0.3003	 0.1342
 5.00	  5750	g	 0.4140	 0.1525	 0.6398	-0.3619
 5.00	  5750	r	 0.5082	 0.0983	 0.4250	-0.2729
 5.00	  5750	i	 0.5920	-0.1619	 0.5549	-0.2991
 5.00	  5750	z	 0.6058	-0.2324	 0.5308	-0.2768
 5.00	  5750	J	 0.4727	 0.2816	-0.2680	 0.0617
 5.00	  5750	H	 0.6923	 0.0266	-0.3610	 0.1725
 5.00	  5750	K	 0.5520	 0.0631	-0.2991	 0.1327
 2.00	  6000	g	 0.1760	 1.0901	-0.7511	 0.2876
 2.00	  6000	r	 0.3568	 0.9495	-0.9472	 0.3651
 2.00	  6000	i	 0.4524	 0.6623	-0.7537	 0.2881
 2.00	  6000	z	 0.4969	 0.4238	-0.5167	 0.1955
 2.00	  6000	J	 0.5885	 0.2049	-0.4952	 0.2322
 2.00	  6000	H	 0.9882	-0.8615	 0.4921	-0.1086
 2.00	  6000	K	 0.7534	-0.4319	 0.0533	 0.0567
 2.50	  6000	g	 0.2050	 1.0451	-0.6951	 0.2544
 2.50	  6000	r	 0.3443	 0.9290	-0.8630	 0.3132
 2.50	  6000	i	 0.4338	 0.6302	-0.6407	 0.2247
 2.50	  6000	z	 0.4747	 0.4177	-0.4488	 0.1516
 2.50	  6000	J	 0.5240	 0.3432	-0.5999	 0.2588
 2.50	  6000	H	 0.9104	-0.6320	 0.2463	-0.0175
 2.50	  6000	K	 0.6698	-0.2121	-0.1624	 0.1314
 3.00	  6000	g	 0.2202	 1.0071	-0.6225	 0.2079
 3.00	  6000	r	 0.3409	 0.8762	-0.7363	 0.2424
 3.00	  6000	i	 0.4317	 0.5544	-0.4812	 0.1433
 3.00	  6000	z	 0.4704	 0.3609	-0.3224	 0.0849
 3.00	  6000	J	 0.4734	 0.4443	-0.6640	 0.2696
 3.00	  6000	H	 0.8373	-0.4146	 0.0158	 0.0668
 3.00	  6000	K	 0.6030	-0.0408	-0.3197	 0.1814
 3.50	  6000	g	 0.2470	 0.9064	-0.4594	 0.1218
 3.50	  6000	r	 0.3637	 0.7433	-0.5195	 0.1377
 3.50	  6000	i	 0.4542	 0.4172	-0.2632	 0.0429
 3.50	  6000	z	 0.4886	 0.2475	-0.1414	 0.0007
 3.50	  6000	J	 0.4493	 0.4705	-0.6456	 0.2485
 3.50	  6000	H	 0.7745	-0.2327	-0.1679	 0.1301
 3.50	  6000	K	 0.5586	 0.0624	-0.3982	 0.2003
 4.00	  6000	g	 0.2857	 0.7381	-0.1988	-0.0056
 4.00	  6000	r	 0.4032	 0.5550	-0.2388	 0.0097
 4.00	  6000	i	 0.4924	 0.2364	-0.0016	-0.0712
 4.00	  6000	z	 0.5214	 0.0932	 0.0798	-0.0951
 4.00	  6000	J	 0.4445	 0.4324	-0.5493	 0.1968
 4.00	  6000	H	 0.7204	-0.0926	-0.2897	 0.1660
 4.00	  6000	K	 0.5347	 0.0959	-0.3915	 0.1851
 4.50	  6000	g	 0.3313	 0.5660	 0.0418	-0.1155
 4.50	  6000	r	 0.4382	 0.4166	-0.0486	-0.0727
 4.50	  6000	i	 0.5193	 0.1259	 0.1475	-0.1324
 4.50	  6000	z	 0.5434	 0.0036	 0.2000	-0.1436
 4.50	  6000	J	 0.4539	 0.3755	-0.4529	 0.1511
 4.50	  6000	H	 0.7017	-0.0530	-0.3051	 0.1634
 4.50	  6000	K	 0.5335	 0.0793	-0.3466	 0.1609
 5.00	  6000	g	 0.3484	 0.5014	 0.1416	-0.1664
 5.00	  6000	r	 0.4490	 0.3747	 0.0180	-0.1058
 5.00	  6000	i	 0.5271	 0.0914	 0.2026	-0.1580
 5.00	  6000	z	 0.5500	-0.0253	 0.2457	-0.1643
 5.00	  6000	J	 0.4550	 0.3683	-0.4322	 0.1388
 5.00	  6000	H	 0.6911	-0.0152	-0.3396	 0.1736
 5.00	  6000	K	 0.5295	 0.0915	-0.3525	 0.1606
 2.00	  6250	g	 0.2356	 1.0387	-0.7679	 0.2952
 2.00	  6250	r	 0.3962	 0.9332	-1.0223	 0.4089
 2.00	  6250	i	 0.4655	 0.7098	-0.9023	 0.3625
 2.00	  6250	z	 0.5110	 0.4488	-0.6163	 0.2460
 2.00	  6250	J	 0.6335	 0.1127	-0.4596	 0.2328
 2.00	  6250	H	 0.9980	-0.9178	 0.5248	-0.1127
 2.00	  6250	K	 0.7481	-0.4488	 0.0589	 0.0568
 2.50	  6250	g	 0.2430	 1.0611	-0.8058	 0.3067
 2.50	  6250	r	 0.3534	 1.0137	-1.0686	 0.4137
 2.50	  6250	i	 0.4141	 0.7836	-0.9182	 0.3522
 2.50	  6250	z	 0.4577	 0.5427	-0.6732	 0.2542
 2.50	  6250	J	 0.5536	 0.3024	-0.6311	 0.2888
 2.50	  6250	H	 0.9311	-0.7292	 0.3272	-0.0400
 2.50	  6250	K	 0.6633	-0.2237	-0.1704	 0.1401
 3.00	  6250	g	 0.2449	 1.0678	-0.7994	 0.2922
 3.00	  6250	r	 0.3374	 0.9991	-0.9939	 0.3671
 3.00	  6250	i	 0.3995	 0.7448	-0.8046	 0.2910
 3.00	  6250	z	 0.4414	 0.5220	-0.5932	 0.2073
 3.00	  6250	J	 0.4993	 0.4115	-0.7047	 0.3042
 3.00	  6250	H	 0.8592	-0.5252	 0.1186	 0.0342
 3.00	  6250	K	 0.6037	-0.0797	-0.2955	 0.1783
 3.50	  6250	g	 0.2400	 1.0615	-0.7462	 0.2491
 3.50	  6250	r	 0.3314	 0.9420	-0.8556	 0.2902
 3.50	  6250	i	 0.4016	 0.6516	-0.6223	 0.2003
 3.50	  6250	z	 0.4423	 0.4449	-0.4414	 0.1310
 3.50	  6250	J	 0.4553	 0.4863	-0.7324	 0.2987
 3.50	  6250	H	 0.7827	-0.3075	-0.1010	 0.1108
 3.50	  6250	K	 0.5462	 0.0559	-0.4052	 0.2081
 4.00	  6250	g	 0.2619	 0.9423	-0.5398	 0.1409
 4.00	  6250	r	 0.3613	 0.7740	-0.5908	 0.1658
 4.00	  6250	i	 0.4345	 0.4750	-0.3554	 0.0811
 4.00	  6250	z	 0.4697	 0.2963	-0.2180	 0.0315
 4.00	  6250	J	 0.4393	 0.4765	-0.6639	 0.2568
 4.00	  6250	H	 0.7225	-0.1517	-0.2379	 0.1518
 4.00	  6250	K	 0.5160	 0.1061	-0.4160	 0.1996
 4.50	  6250	g	 0.2905	 0.8214	-0.3543	 0.0495
 4.50	  6250	r	 0.3913	 0.6405	-0.3950	 0.0764
 4.50	  6250	i	 0.4614	 0.3531	-0.1802	 0.0049
 4.50	  6250	z	 0.4934	 0.1905	-0.0674	-0.0334
 4.50	  6250	J	 0.4410	 0.4387	-0.5849	 0.2160
 4.50	  6250	H	 0.6954	-0.0853	-0.2848	 0.1616
 4.50	  6250	K	 0.5068	 0.1122	-0.3951	 0.1840
 5.00	  6250	g	 0.3149	 0.7370	-0.2327	-0.0106
 5.00	  6250	r	 0.4144	 0.5610	-0.2859	 0.0267
 5.00	  6250	i	 0.4811	 0.2824	-0.0850	-0.0357
 5.00	  6250	z	 0.5101	 0.1311	 0.0118	-0.0662
 5.00	  6250	J	 0.4501	 0.4018	-0.5267	 0.1886
 5.00	  6250	H	 0.6870	-0.0631	-0.2940	 0.1605
 5.00	  6250	K	 0.5092	 0.1001	-0.3694	 0.1709
 2.00	  6500	g	 0.5083	-0.0264	 0.6027	-0.2573
 2.00	  6500	r	 0.5891	 0.2624	-0.2813	 0.1580
 2.00	  6500	i	 0.5901	 0.3332	-0.5675	 0.2798
 2.00	  6500	z	 0.6329	 0.0612	-0.2225	 0.1216
 2.00	  6500	J	 0.7441	-0.2825	-0.0269	 0.0836
 2.00	  6500	H	 1.0248	-1.1241	 0.7992	-0.2185
 2.00	  6500	K	 0.7795	-0.6183	 0.2550	-0.0117
 2.50	  6500	g	 0.3049	 0.9654	-0.7439	 0.2781
 2.50	  6500	r	 0.3966	 0.9552	-1.0686	 0.4224
 2.50	  6500	i	 0.4410	 0.7643	-0.9662	 0.3822
 2.50	  6500	z	 0.4850	 0.5150	-0.6999	 0.2734
 2.50	  6500	J	 0.5924	 0.2093	-0.5739	 0.2755
 2.50	  6500	H	 0.9099	-0.7064	 0.2883	-0.0218
 2.50	  6500	K	 0.6511	-0.2370	-0.1465	 0.1269
 3.00	  6500	g	 0.2802	 1.0627	-0.8604	 0.3192
 3.00	  6500	r	 0.3436	 1.0599	-1.1408	 0.4370
 3.00	  6500	i	 0.3891	 0.8405	-0.9861	 0.3738
 3.00	  6500	z	 0.4330	 0.6011	-0.7445	 0.2761
 3.00	  6500	J	 0.5184	 0.3829	-0.7263	 0.3235
 3.00	  6500	H	 0.8441	-0.5189	 0.0951	 0.0475
 3.00	  6500	K	 0.5783	-0.0436	-0.3407	 0.1964
 3.50	  6500	g	 0.2629	 1.0839	-0.8403	 0.2913
 3.50	  6500	r	 0.3317	 1.0063	-1.0023	 0.3607
 3.50	  6500	i	 0.3830	 0.7598	-0.8132	 0.2871
 3.50	  6500	z	 0.4247	 0.5397	-0.6079	 0.2063
 3.50	  6500	J	 0.4678	 0.4665	-0.7579	 0.3194
 3.50	  6500	H	 0.7708	-0.3239	-0.0889	 0.1082
 3.50	  6500	K	 0.5269	 0.0647	-0.4145	 0.2118
 4.00	  6500	g	 0.2833	 0.9864	-0.6825	 0.2096
 4.00	  6500	r	 0.3603	 0.8531	-0.7708	 0.2545
 4.00	  6500	i	 0.4120	 0.6040	-0.5833	 0.1867
 4.00	  6500	z	 0.4489	 0.4093	-0.4173	 0.1232
 4.00	  6500	J	 0.4594	 0.4343	-0.6691	 0.2715
 4.00	  6500	H	 0.7302	-0.2356	-0.1466	 0.1188
 4.00	  6500	K	 0.5111	 0.0743	-0.3877	 0.1925
 4.50	  6500	g	 0.2932	 0.9276	-0.5758	 0.1506
 4.50	  6500	r	 0.3756	 0.7631	-0.6266	 0.1854
 4.50	  6500	i	 0.4259	 0.5160	-0.4447	 0.1242
 4.50	  6500	z	 0.4615	 0.3298	-0.2930	 0.0674
 4.50	  6500	J	 0.4497	 0.4273	-0.6251	 0.2451
 4.50	  6500	H	 0.6975	-0.1538	-0.2108	 0.1358
 4.50	  6500	K	 0.4964	 0.0952	-0.3833	 0.1834
 5.00	  6500	g	 0.3155	 0.8514	-0.4664	 0.0954
 5.00	  6500	r	 0.4021	 0.6692	-0.5006	 0.1288
 5.00	  6500	i	 0.4506	 0.4246	-0.3226	 0.0722
 5.00	  6500	z	 0.4822	 0.2527	-0.1912	 0.0252
 5.00	  6500	J	 0.4568	 0.3909	-0.5658	 0.2173
 5.00	  6500	H	 0.6866	-0.1306	-0.2168	 0.1327
 5.00	  6500	K	 0.4992	 0.0767	-0.3467	 0.1652
 2.00	  6750	g	 0.4524	-0.1557	 1.0675	-0.5414
 2.00	  6750	r	 0.6179	-0.1131	 0.3888	-0.1656
 2.00	  6750	i	 0.6501	-0.0714	 0.0430	 0.0125
 2.00	  6750	z	 0.6649	-0.2213	 0.2480	-0.0990
 2.00	  6750	J	 0.7239	-0.3891	 0.2189	-0.0424
 2.00	  6750	H	 0.9171	-0.9435	 0.6988	-0.2056
 2.00	  6750	K	 0.7399	-0.6459	 0.3865	-0.0856
 2.50	  6750	g	 0.5792	-0.0538	 0.5398	-0.2364
 2.50	  6750	r	 0.6033	 0.2957	-0.3763	 0.1963
 2.50	  6750	i	 0.5725	 0.4131	-0.6943	 0.3314
 2.50	  6750	z	 0.6159	 0.1511	-0.3729	 0.1829
 2.50	  6750	J	 0.7212	-0.2102	-0.1410	 0.1333
 2.50	  6750	H	 0.9658	-0.9819	 0.6221	-0.1462
 2.50	  6750	K	 0.6977	-0.4269	 0.0505	 0.0634
 3.00	  6750	g	 0.3347	 0.9533	-0.7552	 0.2679
 3.00	  6750	r	 0.3879	 0.9678	-1.0766	 0.4155
 3.00	  6750	i	 0.4210	 0.7805	-0.9666	 0.3743
 3.00	  6750	z	 0.4653	 0.5398	-0.7202	 0.2741
 3.00	  6750	J	 0.5511	 0.2830	-0.6386	 0.2938
 3.00	  6750	H	 0.8189	-0.5079	 0.0960	 0.0433
 3.00	  6750	K	 0.5675	-0.0746	-0.2833	 0.1679
 3.50	  6750	g	 0.3179	 0.9950	-0.7879	 0.2707
 3.50	  6750	r	 0.3665	 0.9623	-1.0148	 0.3760
 3.50	  6750	i	 0.4004	 0.7620	-0.8823	 0.3271
 3.50	  6750	z	 0.4423	 0.5364	-0.6653	 0.2403
 3.50	  6750	J	 0.5035	 0.3701	-0.6876	 0.3002
 3.50	  6750	H	 0.7640	-0.3653	-0.0362	 0.0865
 3.50	  6750	K	 0.5271	 0.0123	-0.3475	 0.1842
 4.00	  6750	g	 0.3040	 1.0054	-0.7658	 0.2473
 4.00	  6750	r	 0.3575	 0.9190	-0.9100	 0.3203
 4.00	  6750	i	 0.3944	 0.7033	-0.7558	 0.2648
 4.00	  6750	z	 0.4346	 0.4912	-0.5637	 0.1893
 4.00	  6750	J	 0.4691	 0.4190	-0.6935	 0.2902
 4.00	  6750	H	 0.7163	-0.2438	-0.1421	 0.1191
 4.00	  6750	K	 0.4936	 0.0818	-0.3943	 0.1948
 4.50	  6750	g	 0.3032	 0.9874	-0.7208	 0.2174
 4.50	  6750	r	 0.3642	 0.8535	-0.7993	 0.2664
 4.50	  6750	i	 0.4009	 0.6347	-0.6402	 0.2117
 4.50	  6750	z	 0.4399	 0.4295	-0.4601	 0.1419
 4.50	  6750	J	 0.4540	 0.4261	-0.6669	 0.2713
 4.50	  6750	H	 0.6852	-0.1676	-0.2015	 0.1352
 4.50	  6750	K	 0.4793	 0.1020	-0.3915	 0.1872
 5.00	  6750	g	 0.3094	 0.9518	-0.6538	 0.1772
 5.00	  6750	r	 0.3810	 0.7720	-0.6766	 0.2084
 5.00	  6750	i	 0.4195	 0.5440	-0.5066	 0.1524
 5.00	  6750	z	 0.4535	 0.3572	-0.3526	 0.0951
 5.00	  6750	J	 0.4501	 0.4108	-0.6225	 0.2471
 5.00	  6750	H	 0.6652	-0.1214	-0.2286	 0.1388
 5.00	  6750	K	 0.4718	 0.1089	-0.3803	 0.1784
 2.00	  7000	g	 0.2231	 0.4547	 0.4594	-0.3332
 2.00	  7000	r	 0.4980	 0.0803	 0.3300	-0.1949
 2.00	  7000	i	 0.6164	-0.1561	 0.2930	-0.1293
 2.00	  7000	z	 0.6010	-0.1451	 0.2736	-0.1465
 2.00	  7000	J	 0.6418	-0.2567	 0.1649	-0.0512
 2.00	  7000	H	 0.7811	-0.6327	 0.4240	-0.1220
 2.00	  7000	K	 0.6867	-0.6205	 0.4646	-0.1454
 2.50	  7000	g	 0.4723	-0.0251	 0.8199	-0.4465
 2.50	  7000	r	 0.5973	 0.0238	 0.1798	-0.0842
 2.50	  7000	i	 0.6058	 0.0811	-0.1559	 0.0891
 2.50	  7000	z	 0.6280	-0.0691	 0.0199	-0.0046
 2.50	  7000	J	 0.6801	-0.2583	 0.0406	 0.0324
 2.50	  7000	H	 0.8446	-0.7684	 0.4871	-0.1194
 2.50	  7000	K	 0.6399	-0.4059	 0.1289	 0.0102
 3.00	  7000	g	 0.4849	 0.4210	-0.0986	 0.0058
 3.00	  7000	r	 0.4835	 0.6937	-0.8301	 0.3506
 3.00	  7000	i	 0.4685	 0.6860	-0.9553	 0.4043
 3.00	  7000	z	 0.5220	 0.4142	-0.6556	 0.2745
 3.00	  7000	J	 0.6034	 0.1247	-0.5082	 0.2626
 3.00	  7000	H	 0.8103	-0.5442	 0.1339	 0.0352
 3.00	  7000	K	 0.5589	-0.0931	-0.2654	 0.1642
 3.50	  7000	g	 0.3448	 0.9619	-0.7672	 0.2538
 3.50	  7000	r	 0.3824	 0.9522	-1.0402	 0.3894
 3.50	  7000	i	 0.4087	 0.7660	-0.9277	 0.3512
 3.50	  7000	z	 0.4548	 0.5297	-0.6995	 0.2603
 3.50	  7000	J	 0.5183	 0.3225	-0.6569	 0.2926
 3.50	  7000	H	 0.7315	-0.3308	-0.0624	 0.0937
 3.50	  7000	K	 0.5047	 0.0228	-0.3414	 0.1770
 4.00	  7000	g	 0.3312	 0.9882	-0.7878	 0.2553
 4.00	  7000	r	 0.3679	 0.9370	-0.9812	 0.3555
 4.00	  7000	i	 0.3928	 0.7495	-0.8606	 0.3149
 4.00	  7000	z	 0.4377	 0.5175	-0.6422	 0.2283
 4.00	  7000	J	 0.4818	 0.3878	-0.6930	 0.2978
 4.00	  7000	H	 0.6959	-0.2406	-0.1395	 0.1170
 4.00	  7000	K	 0.4761	 0.0865	-0.3915	 0.1917
 4.50	  7000	g	 0.3244	 0.9935	-0.7826	 0.2463
 4.50	  7000	r	 0.3662	 0.8942	-0.8998	 0.3150
 4.50	  7000	i	 0.3906	 0.7042	-0.7714	 0.2725
 4.50	  7000	z	 0.4337	 0.4796	-0.5651	 0.1913
 4.50	  7000	J	 0.4626	 0.4073	-0.6809	 0.2846
 4.50	  7000	H	 0.6655	-0.1619	-0.2073	 0.1380
 4.50	  7000	K	 0.4568	 0.1257	-0.4159	 0.1967
 5.00	  7000	g	 0.3171	 0.9894	-0.7495	 0.2196
 5.00	  7000	r	 0.3734	 0.8241	-0.7800	 0.2562
 5.00	  7000	i	 0.3997	 0.6254	-0.6405	 0.2123
 5.00	  7000	z	 0.4388	 0.4174	-0.4586	 0.1426
 5.00	  7000	J	 0.4489	 0.4099	-0.6474	 0.2624
 5.00	  7000	H	 0.6400	-0.1013	-0.2476	 0.1461
 5.00	  7000	K	 0.4500	 0.1254	-0.3907	 0.1806
 2.00	  7250	g	 0.1400	 0.7184	 0.1474	-0.2101
 2.00	  7250	r	 0.4766	 0.1192	 0.2995	-0.1890
 2.00	  7250	i	 0.6573	-0.3219	 0.4968	-0.2124
 2.00	  7250	z	 0.6115	-0.1636	 0.2808	-0.1489
 2.00	  7250	J	 0.6914	-0.4466	 0.3959	-0.1439
 2.00	  7250	H	 0.8202	-0.8209	 0.6751	-0.2273
 2.00	  7250	K	 0.7499	-0.8522	 0.7369	-0.2496
 2.50	  7250	g	 0.2380	 0.5870	 0.2207	-0.2443
 2.50	  7250	r	 0.4898	 0.1625	 0.1971	-0.1457
 2.50	  7250	i	 0.5905	-0.0802	 0.1960	-0.0944
 2.50	  7250	z	 0.5889	-0.0846	 0.1527	-0.0914
 2.50	  7250	J	 0.6052	-0.1799	 0.0700	-0.0131
 2.50	  7250	H	 0.7153	-0.5257	 0.3249	-0.0879
 2.50	  7250	K	 0.6157	-0.4994	 0.3607	-0.1123
 3.00	  7250	g	 0.4649	 0.1919	 0.4486	-0.2930
 3.00	  7250	r	 0.5524	 0.2421	-0.1325	 0.0398
 3.00	  7250	i	 0.5437	 0.2889	-0.4149	 0.1862
 3.00	  7250	z	 0.5817	 0.1034	-0.2281	 0.0970
 3.00	  7250	J	 0.6157	-0.0648	-0.2046	 0.1303
 3.00	  7250	H	 0.7446	-0.5054	 0.1824	-0.0009
 3.00	  7250	K	 0.5419	-0.1761	-0.1010	 0.0888
 3.50	  7250	g	 0.4409	 0.6776	-0.4542	 0.1347
 3.50	  7250	r	 0.4393	 0.8281	-0.9731	 0.3879
 3.50	  7250	i	 0.4362	 0.7354	-0.9745	 0.3935
 3.50	  7250	z	 0.4926	 0.4651	-0.6985	 0.2794
 3.50	  7250	J	 0.5470	 0.2369	-0.6024	 0.2856
 3.50	  7250	H	 0.7096	-0.3285	-0.0584	 0.0931
 3.50	  7250	K	 0.4907	 0.0137	-0.3233	 0.1692
 4.00	  7250	g	 0.3773	 0.9267	-0.7691	 0.2507
 4.00	  7250	r	 0.3952	 0.9209	-1.0288	 0.3866
 4.00	  7250	i	 0.4096	 0.7541	-0.9312	 0.3560
 4.00	  7250	z	 0.4580	 0.5062	-0.6928	 0.2613
 4.00	  7250	J	 0.5076	 0.3182	-0.6514	 0.2906
 4.00	  7250	H	 0.6770	-0.2416	-0.1342	 0.1154
 4.00	  7250	K	 0.4656	 0.0738	-0.3713	 0.1826
 4.50	  7250	g	 0.3512	 0.9793	-0.8125	 0.2597
 4.50	  7250	r	 0.3766	 0.9128	-0.9724	 0.3518
 4.50	  7250	i	 0.3916	 0.7413	-0.8635	 0.3174
 4.50	  7250	z	 0.4391	 0.4968	-0.6331	 0.2268
 4.50	  7250	J	 0.4748	 0.3742	-0.6742	 0.2890
 4.50	  7250	H	 0.6468	-0.1633	-0.1976	 0.1327
 4.50	  7250	K	 0.4463	 0.1121	-0.3917	 0.1851
 5.00	  7250	g	 0.3304	 1.0070	-0.8140	 0.2473
 5.00	  7250	r	 0.3714	 0.8630	-0.8650	 0.2955
 5.00	  7250	i	 0.3895	 0.6820	-0.7441	 0.2593
 5.00	  7250	z	 0.4326	 0.4551	-0.5390	 0.1804
 5.00	  7250	J	 0.4520	 0.3978	-0.6586	 0.2722
 5.00	  7250	H	 0.6155	-0.0845	-0.2585	 0.1489
 5.00	  7250	K	 0.4288	 0.1427	-0.4026	 0.1840
 2.00	  7500	g	 0.0729	 1.0792	-0.3623	-0.0065
 2.00	  7500	r	 0.4437	 0.3112	 0.0066	-0.0654
 2.00	  7500	i	 0.6533	-0.2628	 0.3830	-0.1618
 2.00	  7500	z	 0.6247	-0.1003	 0.1249	-0.0722
 2.00	  7500	J	 0.7322	-0.5313	 0.4504	-0.1567
 2.00	  7500	H	 0.8597	-0.9344	 0.7853	-0.2652
 2.00	  7500	K	 0.7924	-0.9710	 0.8561	-0.2927
 2.50	  7500	g	 0.1706	 0.8100	-0.0575	-0.1283
 2.50	  7500	r	 0.4780	 0.1753	 0.1898	-0.1456
 2.50	  7500	i	 0.6367	-0.2664	 0.4235	-0.1861
 2.50	  7500	z	 0.6166	-0.1638	 0.2277	-0.1187
 2.50	  7500	J	 0.6562	-0.3920	 0.3377	-0.1230
 2.50	  7500	H	 0.7506	-0.7195	 0.5892	-0.1990
 2.50	  7500	K	 0.6703	-0.7148	 0.6155	-0.2090
 3.00	  7500	g	 0.2470	 0.7375	-0.0599	-0.1299
 3.00	  7500	r	 0.4713	 0.2840	 0.0053	-0.0691
 3.00	  7500	i	 0.5560	 0.0305	 0.0535	-0.0412
 3.00	  7500	z	 0.5755	-0.0271	 0.0385	-0.0395
 3.00	  7500	J	 0.5688	-0.0986	-0.0274	 0.0236
 3.00	  7500	H	 0.6525	-0.4177	 0.2276	-0.0568
 3.00	  7500	K	 0.5564	-0.3977	 0.2750	-0.0860
 3.50	  7500	g	 0.4349	 0.4839	-0.0295	-0.0900
 3.50	  7500	r	 0.4923	 0.5016	-0.4860	 0.1768
 3.50	  7500	i	 0.4839	 0.4721	-0.6228	 0.2554
 3.50	  7500	z	 0.5380	 0.2405	-0.4081	 0.1647
 3.50	  7500	J	 0.5492	 0.1178	-0.4105	 0.2032
 3.50	  7500	H	 0.6506	-0.2877	-0.0301	 0.0679
 3.50	  7500	K	 0.4819	-0.0762	-0.1605	 0.0948
 4.00	  7500	g	 0.4414	 0.7958	-0.6661	 0.2155
 4.00	  7500	r	 0.4482	 0.8217	-0.9825	 0.3835
 4.00	  7500	i	 0.4436	 0.6980	-0.9303	 0.3703
 4.00	  7500	z	 0.5012	 0.4191	-0.6555	 0.2610
 4.00	  7500	J	 0.5385	 0.2212	-0.5699	 0.2665
 4.00	  7500	H	 0.6621	-0.2631	-0.0944	 0.0970
 4.00	  7500	K	 0.4616	 0.0369	-0.3196	 0.1611
 4.50	  7500	g	 0.3669	 0.9852	-0.8469	 0.2690
 4.50	  7500	r	 0.3881	 0.9115	-1.0043	 0.3676
 4.50	  7500	i	 0.3983	 0.7425	-0.8979	 0.3361
 4.50	  7500	z	 0.4511	 0.4789	-0.6488	 0.2395
 4.50	  7500	J	 0.4828	 0.3381	-0.6483	 0.2818
 4.50	  7500	H	 0.6127	-0.1294	-0.2158	 0.1354
 4.50	  7500	K	 0.4312	 0.1000	-0.3569	 0.1662
 5.00	  7500	g	 0.3498	 1.0098	-0.8602	 0.2669
 5.00	  7500	r	 0.3784	 0.8833	-0.9325	 0.3287
 5.00	  7500	i	 0.3890	 0.7157	-0.8251	 0.2984
 5.00	  7500	z	 0.4364	 0.4669	-0.5936	 0.2094
 5.00	  7500	J	 0.4577	 0.3792	-0.6640	 0.2806
 5.00	  7500	H	 0.5909	-0.0694	-0.2650	 0.1495
 5.00	  7500	K	 0.4174	 0.1296	-0.3756	 0.1704
 2.00	  7750	g	 0.0379	 1.3548	-0.7991	 0.1760
 2.00	  7750	r	 0.4385	 0.4194	-0.1936	 0.0227
 2.00	  7750	i	 0.6658	-0.2519	 0.3241	-0.1323
 2.00	  7750	z	 0.6729	-0.1416	 0.0832	-0.0379
 2.00	  7750	J	 0.7839	-0.6465	 0.5415	-0.1838
 2.00	  7750	H	 0.9059	-1.0569	 0.9032	-0.3059
 2.00	  7750	K	 0.8339	-1.0762	 0.9544	-0.3261
 2.50	  7750	g	 0.1411	 1.0764	-0.4875	 0.0553
 2.50	  7750	r	 0.4651	 0.3191	-0.0641	-0.0320
 2.50	  7750	i	 0.6395	-0.2265	 0.3279	-0.1420
 2.50	  7750	z	 0.6436	-0.1546	 0.1329	-0.0648
 2.50	  7750	J	 0.6881	-0.4631	 0.3796	-0.1307
 2.50	  7750	H	 0.7762	-0.8069	 0.6760	-0.2293
 2.50	  7750	K	 0.6961	-0.7964	 0.6960	-0.2375
 3.00	  7750	g	 0.1958	 0.9081	-0.2837	-0.0312
 3.00	  7750	r	 0.4774	 0.2331	 0.0756	-0.0999
 3.00	  7750	i	 0.6156	-0.2072	 0.3454	-0.1585
 3.00	  7750	z	 0.6208	-0.1797	 0.2028	-0.1007
 3.00	  7750	J	 0.6238	-0.3392	 0.2790	-0.1012
 3.00	  7750	H	 0.6910	-0.6323	 0.5162	-0.1758
 3.00	  7750	K	 0.6094	-0.6109	 0.5230	-0.1780
 3.50	  7750	g	 0.2557	 0.8815	-0.3397	-0.0131
 3.50	  7750	r	 0.4482	 0.4185	-0.2039	 0.0147
 3.50	  7750	i	 0.5219	 0.1387	-0.0824	 0.0074
 3.50	  7750	z	 0.5628	 0.0095	-0.0385	-0.0043
 3.50	  7750	J	 0.5332	-0.0213	-0.1148	 0.0546
 3.50	  7750	H	 0.5999	-0.3366	 0.1654	-0.0409
 3.50	  7750	K	 0.5189	-0.3524	 0.2541	-0.0858
 4.00	  7750	g	 0.4314	 0.6883	-0.4136	 0.0800
 4.00	  7750	r	 0.4579	 0.6858	-0.7634	 0.2884
 4.00	  7750	i	 0.4449	 0.6086	-0.7963	 0.3177
 4.00	  7750	z	 0.5125	 0.3180	-0.5214	 0.2085
 4.00	  7750	J	 0.5091	 0.2221	-0.5315	 0.2456
 4.00	  7750	H	 0.5838	-0.1501	-0.1553	 0.1060
 4.00	  7750	K	 0.4384	-0.0078	-0.2026	 0.1003
 4.50	  7750	g	 0.3722	 1.0129	-0.8986	 0.2839
 4.50	  7750	r	 0.3973	 0.9024	-1.0162	 0.3736
 4.50	  7750	i	 0.4055	 0.7229	-0.8955	 0.3383
 4.50	  7750	z	 0.4680	 0.4270	-0.6132	 0.2304
 4.50	  7750	J	 0.4809	 0.3111	-0.6179	 0.2700
 4.50	  7750	H	 0.5724	-0.0949	-0.2170	 0.1270
 4.50	  7750	K	 0.4132	 0.0848	-0.3109	 0.1425
 5.00	  7750	g	 0.3615	 1.0269	-0.9106	 0.2841
 5.00	  7750	r	 0.3880	 0.8828	-0.9616	 0.3428
 5.00	  7750	i	 0.3939	 0.7163	-0.8542	 0.3144
 5.00	  7750	z	 0.4500	 0.4328	-0.5836	 0.2110
 5.00	  7750	J	 0.4641	 0.3407	-0.6289	 0.2681
 5.00	  7750	H	 0.5608	-0.0546	-0.2541	 0.1390
 5.00	  7750	K	 0.4062	 0.1065	-0.3290	 0.1477
 2.00	  8000	g	 0.0373	 1.4706	-1.0357	 0.2825
 2.00	  8000	r	 0.4585	 0.4208	-0.2621	 0.0613
 2.00	  8000	i	 0.6937	-0.2994	 0.3327	-0.1265
 2.00	  8000	z	 0.7448	-0.2916	 0.1884	-0.0631
 2.00	  8000	J	 0.8402	-0.7813	 0.6568	-0.2192
 2.00	  8000	H	 0.9552	-1.1893	 1.0336	-0.3511
 2.00	  8000	K	 0.8804	-1.1955	 1.0695	-0.3664
 2.50	  8000	g	 0.1522	 1.1976	-0.7452	 0.1708
 2.50	  8000	r	 0.4872	 0.3343	-0.1602	 0.0188
 2.50	  8000	i	 0.6616	-0.2533	 0.3077	-0.1244
 2.50	  8000	z	 0.7033	-0.2669	 0.1875	-0.0687
 2.50	  8000	J	 0.7321	-0.5775	 0.4761	-0.1601
 2.50	  8000	H	 0.8078	-0.9076	 0.7755	-0.2632
 2.50	  8000	K	 0.7234	-0.8748	 0.7671	-0.2602
 3.00	  8000	g	 0.2140	 1.0070	-0.5165	 0.0789
 3.00	  8000	r	 0.4939	 0.2772	-0.0677	-0.0249
 3.00	  8000	i	 0.6319	-0.2117	 0.2928	-0.1268
 3.00	  8000	z	 0.6621	-0.2392	 0.1931	-0.0789
 3.00	  8000	J	 0.6540	-0.4198	 0.3341	-0.1131
 3.00	  8000	H	 0.7091	-0.7081	 0.5900	-0.1999
 3.00	  8000	K	 0.6276	-0.6766	 0.5852	-0.1989
 3.50	  8000	g	 0.2266	 0.9540	-0.4353	 0.0351
 3.50	  8000	r	 0.4849	 0.2484	 0.0167	-0.0755
 3.50	  8000	i	 0.6050	-0.1822	 0.3043	-0.1435
 3.50	  8000	z	 0.6302	-0.2297	 0.2269	-0.1024
 3.50	  8000	J	 0.6032	-0.3205	 0.2591	-0.0942
 3.50	  8000	H	 0.6490	-0.5834	 0.4797	-0.1647
 3.50	  8000	K	 0.5651	-0.5370	 0.4529	-0.1525
 4.00	  8000	g	 0.2895	 0.9490	-0.5484	 0.0841
 4.00	  8000	r	 0.4407	 0.5194	-0.3929	 0.0969
 4.00	  8000	i	 0.4929	 0.2521	-0.2433	 0.0710
 4.00	  8000	z	 0.5517	 0.0429	-0.1131	 0.0308
 4.00	  8000	J	 0.5073	 0.0414	-0.1982	 0.0873
 4.00	  8000	H	 0.5621	-0.2809	 0.1212	-0.0294
 4.00	  8000	K	 0.4871	-0.3025	 0.2137	-0.0749
 4.50	  8000	g	 0.3790	 0.9902	-0.8641	 0.2626
 4.50	  8000	r	 0.4140	 0.8351	-0.9407	 0.3442
 4.50	  8000	i	 0.4225	 0.6383	-0.7962	 0.2997
 4.50	  8000	z	 0.4950	 0.3152	-0.4933	 0.1868
 4.50	  8000	J	 0.4780	 0.2589	-0.5362	 0.2334
 4.50	  8000	H	 0.5361	-0.0956	-0.1599	 0.0922
 4.50	  8000	K	 0.4187	-0.0198	-0.1479	 0.0696
 5.00	  8000	g	 0.3781	 1.0391	-0.9657	 0.3067
 5.00	  8000	r	 0.4018	 0.8759	-0.9911	 0.3597
 5.00	  8000	i	 0.4064	 0.6911	-0.8530	 0.3184
 5.00	  8000	z	 0.4696	 0.3773	-0.5503	 0.2046
 5.00	  8000	J	 0.4687	 0.3008	-0.5892	 0.2541
 5.00	  8000	H	 0.5345	-0.0556	-0.2213	 0.1193
 5.00	  8000	K	 0.4017	 0.0602	-0.2543	 0.1142
 2.00	  8250	g	 0.0306	 1.5427	-1.1884	 0.3520
 2.00	  8250	r	 0.4753	 0.3894	-0.2649	 0.0691
 2.00	  8250	i	 0.7202	-0.3689	 0.3843	-0.1406
 2.00	  8250	z	 0.8070	-0.4487	 0.3297	-0.1083
 2.00	  8250	J	 0.8914	-0.9187	 0.7905	-0.2656
 2.00	  8250	H	 0.9959	-1.3021	 1.1464	-0.3900
 2.00	  8250	K	 0.9220	-1.3063	 1.1769	-0.4031
 2.50	  8250	g	 0.1717	 1.2381	-0.8889	 0.2417
 2.50	  8250	r	 0.5193	 0.2782	-0.1519	 0.0253
 2.50	  8250	i	 0.6893	-0.3215	 0.3471	-0.1310
 2.50	  8250	z	 0.7685	-0.4297	 0.3214	-0.1080
 2.50	  8250	J	 0.7728	-0.6964	 0.5867	-0.1962
 2.50	  8250	H	 0.8407	-1.0164	 0.8895	-0.3043
 2.50	  8250	K	 0.7561	-0.9768	 0.8725	-0.2988
 3.00	  8250	g	 0.2485	 1.0396	-0.6694	 0.1560
 3.00	  8250	r	 0.5297	 0.2324	-0.0886	-0.0036
 3.00	  8250	i	 0.6568	-0.2622	 0.3025	-0.1200
 3.00	  8250	z	 0.7172	-0.3668	 0.2784	-0.0976
 3.00	  8250	J	 0.6879	-0.5254	 0.4296	-0.1437
 3.00	  8250	H	 0.7290	-0.7909	 0.6765	-0.2304
 3.00	  8250	K	 0.6449	-0.7400	 0.6447	-0.2179
 3.50	  8250	g	 0.2842	 0.9007	-0.4854	 0.0781
 3.50	  8250	r	 0.5198	 0.2224	-0.0495	-0.0257
 3.50	  8250	i	 0.6267	-0.2084	 0.2702	-0.1150
 3.50	  8250	z	 0.6707	-0.3119	 0.2535	-0.0958
 3.50	  8250	J	 0.6280	-0.3965	 0.3109	-0.1043
 3.50	  8250	H	 0.6599	-0.6466	 0.5426	-0.1854
 3.50	  8250	K	 0.5770	-0.5902	 0.5018	-0.1682
 4.00	  8250	g	 0.2551	 0.9916	-0.5760	 0.0982
 4.00	  8250	r	 0.4858	 0.2788	-0.0597	-0.0438
 4.00	  8250	i	 0.5932	-0.1551	 0.2638	-0.1300
 4.00	  8250	z	 0.6304	-0.2676	 0.2530	-0.1082
 4.00	  8250	J	 0.5834	-0.3010	 0.2401	-0.0886
 4.00	  8250	H	 0.6148	-0.5490	 0.4609	-0.1614
 4.00	  8250	K	 0.5363	-0.5007	 0.4257	-0.1448
 4.50	  8250	g	 0.3021	 1.0730	-0.8225	 0.2076
 4.50	  8250	r	 0.4138	 0.6645	-0.6197	 0.1898
 4.50	  8250	i	 0.4639	 0.3483	-0.3643	 0.1126
 4.50	  8250	z	 0.5388	 0.0548	-0.1351	 0.0384
 4.50	  8250	J	 0.4835	 0.0852	-0.2422	 0.0992
 4.50	  8250	H	 0.5315	-0.2510	 0.1158	-0.0349
 4.50	  8250	K	 0.4688	-0.2942	 0.2244	-0.0842
 5.00	  8250	g	 0.4322	 0.9457	-0.9199	 0.2992
 5.00	  8250	r	 0.4476	 0.7795	-0.9331	 0.3487
 5.00	  8250	i	 0.4371	 0.6179	-0.8107	 0.3120
 5.00	  8250	z	 0.5052	 0.2767	-0.4749	 0.1856
 5.00	  8250	J	 0.4868	 0.2191	-0.5052	 0.2246
 5.00	  8250	H	 0.5228	-0.0954	-0.1508	 0.0874
 5.00	  8250	K	 0.4085	-0.0126	-0.1568	 0.0739
 2.00	  8500	g	 0.0180	 1.5978	-1.2972	 0.4007
 2.00	  8500	r	 0.4753	 0.3907	-0.2880	 0.0816
 2.00	  8500	i	 0.7343	-0.4141	 0.4240	-0.1538
 2.00	  8500	z	 0.8421	-0.5386	 0.4139	-0.1366
 2.00	  8500	J	 0.9248	-1.0083	 0.8783	-0.2958
 2.00	  8500	H	 1.0271	-1.3868	 1.2341	-0.4215
 2.00	  8500	K	 0.9571	-1.4011	 1.2735	-0.4381
 2.50	  8500	g	 0.1785	 1.2633	-0.9810	 0.2867
 2.50	  8500	r	 0.5327	 0.2463	-0.1488	 0.0301
 2.50	  8500	i	 0.7033	-0.3713	 0.3848	-0.1413
 2.50	  8500	z	 0.8116	-0.5548	 0.4414	-0.1488
 2.50	  8500	J	 0.8014	-0.7905	 0.6825	-0.2302
 2.50	  8500	H	 0.8592	-1.0850	 0.9624	-0.3300
 2.50	  8500	K	 0.7751	-1.0420	 0.9376	-0.3208
 3.00	  8500	g	 0.2779	 1.0326	-0.7469	 0.1995
 3.00	  8500	r	 0.5541	 0.1824	-0.0792	 0.0018
 3.00	  8500	i	 0.6731	-0.3170	 0.3388	-0.1282
 3.00	  8500	z	 0.7595	-0.4982	 0.4012	-0.1380
 3.00	  8500	J	 0.7084	-0.6069	 0.5103	-0.1710
 3.00	  8500	H	 0.7408	-0.8569	 0.7517	-0.2583
 3.00	  8500	K	 0.6593	-0.8042	 0.7134	-0.2430
 3.50	  8500	g	 0.3230	 0.8963	-0.5839	 0.1331
 3.50	  8500	r	 0.5508	 0.1707	-0.0508	-0.0140
 3.50	  8500	i	 0.6478	-0.2692	 0.3044	-0.1206
 3.50	  8500	z	 0.7092	-0.4268	 0.3464	-0.1217
 3.50	  8500	J	 0.6473	-0.4781	 0.3895	-0.1302
 3.50	  8500	H	 0.6659	-0.7040	 0.6079	-0.2090
 3.50	  8500	K	 0.5869	-0.6464	 0.5621	-0.1902
 4.00	  8500	g	 0.3332	 0.8251	-0.4757	 0.0844
 4.00	  8500	r	 0.5372	 0.1700	-0.0169	-0.0367
 4.00	  8500	i	 0.6197	-0.2124	 0.2655	-0.1123
 4.00	  8500	z	 0.6698	-0.3755	 0.3208	-0.1188
 4.00	  8500	J	 0.6069	-0.3893	 0.3113	-0.1062
 4.00	  8500	H	 0.6194	-0.6011	 0.5102	-0.1756
 4.00	  8500	K	 0.5415	-0.5397	 0.4573	-0.1527
 4.50	  8500	g	 0.2809	 1.0336	-0.7238	 0.1640
 4.50	  8500	r	 0.4766	 0.3425	-0.1778	 0.0046
 4.50	  8500	i	 0.5708	-0.0921	 0.1823	-0.1016
 4.50	  8500	z	 0.6216	-0.2809	 0.2584	-0.1085
 4.50	  8500	J	 0.5595	-0.2634	 0.2010	-0.0762
 4.50	  8500	H	 0.5832	-0.5115	 0.4367	-0.1560
 4.50	  8500	K	 0.5145	-0.4792	 0.4152	-0.1439
 5.00	  8500	g	 0.3182	 1.1670	-1.0563	 0.3164
 5.00	  8500	r	 0.4025	 0.7499	-0.7702	 0.2518
 5.00	  8500	i	 0.4444	 0.4186	-0.4620	 0.1489
 5.00	  8500	z	 0.5271	 0.0600	-0.1434	 0.0402
 5.00	  8500	J	 0.4695	 0.1046	-0.2639	 0.1052
 5.00	  8500	H	 0.5067	-0.2237	 0.1036	-0.0344
 5.00	  8500	K	 0.4494	-0.2674	 0.2017	-0.0768
 2.00	  8750	g	 0.0127	 1.6260	-1.3681	 0.4341
 2.00	  8750	r	 0.4754	 0.3926	-0.3024	 0.0871
 2.00	  8750	i	 0.7405	-0.4299	 0.4349	-0.1576
 2.00	  8750	z	 0.8588	-0.5785	 0.4553	-0.1521
 2.00	  8750	J	 0.9507	-1.0700	 0.9376	-0.3164
 2.00	  8750	H	 1.0547	-1.4544	 1.3045	-0.4472
 2.00	  8750	K	 0.9888	-1.4783	 1.3497	-0.4650
 2.50	  8750	g	 0.1755	 1.3052	-1.0808	 0.3338
 2.50	  8750	r	 0.5356	 0.2420	-0.1655	 0.0394
 2.50	  8750	i	 0.7075	-0.3934	 0.4032	-0.1483
 2.50	  8750	z	 0.8374	-0.6331	 0.5217	-0.1776
 2.50	  8750	J	 0.8185	-0.8473	 0.7412	-0.2515
 2.50	  8750	H	 0.8738	-1.1369	 1.0194	-0.3508
 2.50	  8750	K	 0.7940	-1.1055	 1.0067	-0.3470
 3.00	  8750	g	 0.2919	 1.0442	-0.8264	 0.2410
 3.00	  8750	r	 0.5597	 0.1725	-0.0981	 0.0143
 3.00	  8750	i	 0.6767	-0.3458	 0.3622	-0.1362
 3.00	  8750	z	 0.7831	-0.5823	 0.4842	-0.1664
 3.00	  8750	J	 0.7183	-0.6594	 0.5681	-0.1926
 3.00	  8750	H	 0.7447	-0.8950	 0.7971	-0.2751
 3.00	  8750	K	 0.6650	-0.8430	 0.7573	-0.2592
 3.50	  8750	g	 0.3530	 0.8766	-0.6386	 0.1670
 3.50	  8750	r	 0.5683	 0.1290	-0.0410	-0.0108
 3.50	  8750	i	 0.6538	-0.3049	 0.3270	-0.1254
 3.50	  8750	z	 0.7321	-0.5146	 0.4272	-0.1474
 3.50	  8750	J	 0.6531	-0.5278	 0.4424	-0.1488
 3.50	  8750	H	 0.6642	-0.7374	 0.6494	-0.2246
 3.50	  8750	K	 0.5887	-0.6815	 0.6014	-0.2041
 4.00	  8750	g	 0.3762	 0.7804	-0.5089	 0.1110
 4.00	  8750	r	 0.5614	 0.1216	-0.0132	-0.0272
 4.00	  8750	i	 0.6326	-0.2601	 0.2910	-0.1153
 4.00	  8750	z	 0.6924	-0.4585	 0.3871	-0.1368
 4.00	  8750	J	 0.6124	-0.4384	 0.3564	-0.1192
 4.00	  8750	H	 0.6165	-0.6365	 0.5529	-0.1913
 4.00	  8750	K	 0.5432	-0.5774	 0.4992	-0.1680
 4.50	  8750	g	 0.3647	 0.7787	-0.4823	 0.0925
 4.50	  8750	r	 0.5429	 0.1402	-0.0005	-0.0430
 4.50	  8750	i	 0.6102	-0.2136	 0.2633	-0.1114
 4.50	  8750	z	 0.6592	-0.4102	 0.3639	-0.1350
 4.50	  8750	J	 0.5863	-0.3771	 0.3045	-0.1048
 4.50	  8750	H	 0.5865	-0.5645	 0.4846	-0.1679
 4.50	  8750	K	 0.5153	-0.5069	 0.4303	-0.1439
 5.00	  8750	g	 0.3013	 1.0925	-0.8928	 0.2384
 5.00	  8750	r	 0.4582	 0.4389	-0.3333	 0.0672
 5.00	  8750	i	 0.5306	 0.0343	 0.0242	-0.0422
 5.00	  8750	z	 0.5991	-0.2545	 0.2330	-0.1011
 5.00	  8750	J	 0.5287	-0.1951	 0.1250	-0.0498
 5.00	  8750	H	 0.5527	-0.4687	 0.4104	-0.1517
 5.00	  8750	K	 0.4934	-0.4540	 0.4025	-0.1434
 2.00	  9000	g	 0.0167	 1.6168	-1.3865	 0.4458
 2.00	  9000	r	 0.4742	 0.4028	-0.3268	 0.0971
 2.00	  9000	i	 0.7486	-0.4439	 0.4444	-0.1619
 2.00	  9000	z	 0.8689	-0.5914	 0.4636	-0.1551
 2.00	  9000	J	 0.9788	-1.1322	 0.9993	-0.3393
 2.00	  9000	H	 1.0859	-1.5226	 1.3730	-0.4724
 2.00	  9000	K	 1.0257	-1.5616	 1.4309	-0.4937
 2.50	  9000	g	 0.1771	 1.3190	-1.1328	 0.3589
 2.50	  9000	r	 0.5373	 0.2422	-0.1824	 0.0479
 2.50	  9000	i	 0.7129	-0.4115	 0.4162	-0.1525
 2.50	  9000	z	 0.8553	-0.6789	 0.5648	-0.1925
 2.50	  9000	J	 0.8359	-0.8969	 0.7909	-0.2692
 2.50	  9000	H	 0.8916	-1.1887	 1.0750	-0.3716
 2.50	  9000	K	 0.8127	-1.1600	 1.0640	-0.3681
 3.00	  9000	g	 0.3030	 1.0447	-0.8736	 0.2662
 3.00	  9000	r	 0.5663	 0.1555	-0.0981	 0.0169
 3.00	  9000	i	 0.6779	-0.3613	 0.3723	-0.1388
 3.00	  9000	z	 0.8020	-0.6440	 0.5449	-0.1875
 3.00	  9000	J	 0.7237	-0.6889	 0.5970	-0.2018
 3.00	  9000	H	 0.7485	-0.9223	 0.8288	-0.2870
 3.00	  9000	K	 0.6717	-0.8779	 0.7966	-0.2740
 3.50	  9000	g	 0.3756	 0.8637	-0.6869	 0.1960
 3.50	  9000	r	 0.5738	 0.1196	-0.0584	 0.0008
 3.50	  9000	i	 0.6500	-0.3109	 0.3247	-0.1229
 3.50	  9000	z	 0.7413	-0.5590	 0.4690	-0.1613
 3.50	  9000	J	 0.6539	-0.5576	 0.4772	-0.1620
 3.50	  9000	H	 0.6602	-0.7565	 0.6772	-0.2361
 3.50	  9000	K	 0.5867	-0.7007	 0.6257	-0.2136
 4.00	  9000	g	 0.4040	 0.7674	-0.5697	 0.1477
 4.00	  9000	r	 0.5717	 0.1030	-0.0281	-0.0147
 4.00	  9000	i	 0.6322	-0.2781	 0.2983	-0.1158
 4.00	  9000	z	 0.6998	-0.5083	 0.4350	-0.1526
 4.00	  9000	J	 0.6106	-0.4680	 0.3909	-0.1321
 4.00	  9000	H	 0.6072	-0.6494	 0.5741	-0.1996
 4.00	  9000	K	 0.5395	-0.5985	 0.5264	-0.1784
 4.50	  9000	g	 0.4125	 0.6960	-0.4604	 0.0985
 4.50	  9000	r	 0.5633	 0.0974	-0.0017	-0.0300
 4.50	  9000	i	 0.6167	-0.2450	 0.2734	-0.1093
 4.50	  9000	z	 0.6701	-0.4699	 0.4132	-0.1480
 4.50	  9000	J	 0.5850	-0.4089	 0.3337	-0.1128
 4.50	  9000	H	 0.5789	-0.5883	 0.5168	-0.1803
 4.50	  9000	K	 0.5124	-0.5327	 0.4610	-0.1554
 5.00	  9000	g	 0.4143	 0.6256	-0.3445	 0.0468
 5.00	  9000	r	 0.5552	 0.0829	 0.0422	-0.0534
 5.00	  9000	i	 0.6018	-0.2129	 0.2540	-0.1059
 5.00	  9000	z	 0.6489	-0.4403	 0.4010	-0.1473
 5.00	  9000	J	 0.5699	-0.3685	 0.2968	-0.1019
 5.00	  9000	H	 0.5623	-0.5422	 0.4719	-0.1647
 5.00	  9000	K	 0.4960	-0.4854	 0.4130	-0.1386
 2.00	  9250	g	 0.0232	 1.5917	-1.3794	 0.4468
 2.00	  9250	r	 0.4745	 0.4106	-0.3494	 0.1068
 2.00	  9250	i	 0.7606	-0.4619	 0.4557	-0.1665
 2.00	  9250	z	 0.8768	-0.5931	 0.4584	-0.1533
 2.00	  9250	J	 1.0105	-1.1982	 1.0643	-0.3640
 2.00	  9250	H	 1.1214	-1.5933	 1.4411	-0.4973
 2.00	  9250	K	 1.0692	-1.6531	 1.5173	-0.5237
 2.50	  9250	g	 0.1773	 1.3323	-1.1807	 0.3827
 2.50	  9250	r	 0.5415	 0.2359	-0.1885	 0.0511
 2.50	  9250	i	 0.7199	-0.4276	 0.4264	-0.1559
 2.50	  9250	z	 0.8702	-0.7096	 0.5921	-0.2026
 2.50	  9250	J	 0.8579	-0.9539	 0.8493	-0.2909
 2.50	  9250	H	 0.9127	-1.2413	 1.1295	-0.3919
 2.50	  9250	K	 0.8321	-1.2060	 1.1053	-0.3809
 3.00	  9250	g	 0.3142	 1.0378	-0.9052	 0.2847
 3.00	  9250	r	 0.5718	 0.1463	-0.1070	 0.0236
 3.00	  9250	i	 0.6787	-0.3662	 0.3686	-0.1359
 3.00	  9250	z	 0.8118	-0.6723	 0.5712	-0.1966
 3.00	  9250	J	 0.7326	-0.7207	 0.6290	-0.2132
 3.00	  9250	H	 0.7551	-0.9491	 0.8591	-0.2985
 3.00	  9250	K	 0.6794	-0.9065	 0.8272	-0.2854
 3.50	  9250	g	 0.3973	 0.8391	-0.7085	 0.2128
 3.50	  9250	r	 0.5813	 0.1047	-0.0637	 0.0064
 3.50	  9250	i	 0.6485	-0.3160	 0.3221	-0.1206
 3.50	  9250	z	 0.7509	-0.6021	 0.5162	-0.1789
 3.50	  9250	J	 0.6509	-0.5637	 0.4808	-0.1618
 3.50	  9250	H	 0.6552	-0.7604	 0.6832	-0.2377
 3.50	  9250	K	 0.5867	-0.7181	 0.6471	-0.2218
 4.00	  9250	g	 0.4319	 0.7365	-0.5936	 0.1672
 4.00	  9250	r	 0.5788	 0.0895	-0.0388	-0.0060
 4.00	  9250	i	 0.6285	-0.2819	 0.2939	-0.1126
 4.00	  9250	z	 0.7036	-0.5412	 0.4662	-0.1619
 4.00	  9250	J	 0.6056	-0.4788	 0.4034	-0.1363
 4.00	  9250	H	 0.6000	-0.6583	 0.5897	-0.2061
 4.00	  9250	K	 0.5344	-0.6070	 0.5382	-0.1828
 4.50	  9250	g	 0.4414	 0.6731	-0.5012	 0.1255
 4.50	  9250	r	 0.5727	 0.0793	-0.0114	-0.0212
 4.50	  9250	i	 0.6168	-0.2628	 0.2824	-0.1109
 4.50	  9250	z	 0.6733	-0.5065	 0.4459	-0.1576
 4.50	  9250	J	 0.5805	-0.4285	 0.3565	-0.1209
 4.50	  9250	H	 0.5705	-0.6002	 0.5355	-0.1876
 4.50	  9250	K	 0.5065	-0.5431	 0.4737	-0.1594
 5.00	  9250	g	 0.4425	 0.6137	-0.4033	 0.0811
 5.00	  9250	r	 0.5671	 0.0642	 0.0258	-0.0406
 5.00	  9250	i	 0.6069	-0.2418	 0.2688	-0.1080
 5.00	  9250	z	 0.6535	-0.4816	 0.4345	-0.1562
 5.00	  9250	J	 0.5668	-0.3935	 0.3212	-0.1090
 5.00	  9250	H	 0.5542	-0.5594	 0.4948	-0.1730
 5.00	  9250	K	 0.4931	-0.5076	 0.4384	-0.1475
 2.00	  9500	g	 0.0348	 1.5497	-1.3478	 0.4366
 2.00	  9500	r	 0.4796	 0.4091	-0.3643	 0.1141
 2.00	  9500	i	 0.7750	-0.4788	 0.4597	-0.1670
 2.00	  9500	z	 0.8861	-0.5972	 0.4545	-0.1522
 2.00	  9500	J	 1.0435	-1.2605	 1.1207	-0.3847
 2.00	  9500	H	 1.1586	-1.6620	 1.5027	-0.5189
 2.00	  9500	K	 1.1173	-1.7510	 1.6082	-0.5555
 2.50	  9500	g	 0.1814	 1.3252	-1.1974	 0.3928
 2.50	  9500	r	 0.5469	 0.2276	-0.1938	 0.0544
 2.50	  9500	i	 0.7353	-0.4664	 0.4650	-0.1720
 2.50	  9500	z	 0.8850	-0.7396	 0.6201	-0.2137
 2.50	  9500	J	 0.8828	-1.0147	 0.9109	-0.3143
 2.50	  9500	H	 0.9385	-1.3020	 1.1909	-0.4145
 2.50	  9500	K	 0.8627	-1.2816	 1.1829	-0.4098
 3.00	  9500	g	 0.3244	 1.0259	-0.9242	 0.2971
 3.00	  9500	r	 0.5798	 0.1272	-0.0993	 0.0219
 3.00	  9500	i	 0.6852	-0.3864	 0.3854	-0.1424
 3.00	  9500	z	 0.8252	-0.7120	 0.6155	-0.2146
 3.00	  9500	J	 0.7450	-0.7586	 0.6683	-0.2279
 3.00	  9500	H	 0.7663	-0.9832	 0.8952	-0.3116
 3.00	  9500	K	 0.6887	-0.9341	 0.8528	-0.2934
 3.50	  9500	g	 0.4181	 0.8069	-0.7116	 0.2205
 3.50	  9500	r	 0.5888	 0.0900	-0.0671	 0.0114
 3.50	  9500	i	 0.6480	-0.3191	 0.3178	-0.1178
 3.50	  9500	z	 0.7610	-0.6408	 0.5586	-0.1949
 3.50	  9500	J	 0.6542	-0.5835	 0.5009	-0.1689
 3.50	  9500	H	 0.6567	-0.7763	 0.7016	-0.2443
 3.50	  9500	K	 0.5908	-0.7408	 0.6738	-0.2325
 4.00	  9500	g	 0.4615	 0.6883	-0.5858	 0.1722
 4.00	  9500	r	 0.5876	 0.0726	-0.0428	-0.0003
 4.00	  9500	i	 0.6257	-0.2817	 0.2845	-0.1072
 4.00	  9500	z	 0.7108	-0.5785	 0.5070	-0.1773
 4.00	  9500	J	 0.6026	-0.4868	 0.4112	-0.1385
 4.00	  9500	H	 0.5957	-0.6648	 0.5994	-0.2097
 4.00	  9500	K	 0.5332	-0.6215	 0.5580	-0.1912
 4.50	  9500	g	 0.4723	 0.6318	-0.5109	 0.1397
 4.50	  9500	r	 0.5806	 0.0670	-0.0253	-0.0104
 4.50	  9500	i	 0.6144	-0.2673	 0.2775	-0.1070
 4.50	  9500	z	 0.6750	-0.5319	 0.4694	-0.1649
 4.50	  9500	J	 0.5753	-0.4358	 0.3639	-0.1229
 4.50	  9500	H	 0.5635	-0.6061	 0.5460	-0.1918
 4.50	  9500	K	 0.5048	-0.5608	 0.4976	-0.1695
 5.00	  9500	g	 0.4708	 0.5901	-0.4409	 0.1072
 5.00	  9500	r	 0.5753	 0.0531	 0.0063	-0.0267
 5.00	  9500	i	 0.6077	-0.2568	 0.2734	-0.1075
 5.00	  9500	z	 0.6524	-0.5025	 0.4507	-0.1600
 5.00	  9500	J	 0.5626	-0.4095	 0.3388	-0.1149
 5.00	  9500	H	 0.5456	-0.5667	 0.5073	-0.1779
 5.00	  9500	K	 0.4888	-0.5199	 0.4538	-0.1531
 2.00	  9750	g	 0.0515	 1.4939	-1.2998	 0.4203
 2.00	  9750	r	 0.4937	 0.3832	-0.3539	 0.1125
 2.00	  9750	i	 0.7968	-0.5135	 0.4805	-0.1734
 2.00	  9750	z	 0.8984	-0.6056	 0.4479	-0.1472
 2.00	  9750	J	 1.0757	-1.3150	 1.1620	-0.3976
 2.00	  9750	H	 1.1952	-1.7245	 1.5518	-0.5342
 2.00	  9750	K	 1.1656	-1.8470	 1.6962	-0.5865
 2.50	  9750	g	 0.1893	 1.3040	-1.1949	 0.3948
 2.50	  9750	r	 0.5519	 0.2251	-0.2089	 0.0625
 2.50	  9750	i	 0.7478	-0.4887	 0.4772	-0.1755
 2.50	  9750	z	 0.8984	-0.7601	 0.6317	-0.2169
 2.50	  9750	J	 0.9079	-1.0714	 0.9647	-0.3339
 2.50	  9750	H	 0.9665	-1.3644	 1.2509	-0.4359
 2.50	  9750	K	 0.8958	-1.3590	 1.2588	-0.4371
 3.00	  9750	g	 0.3304	 1.0235	-0.9530	 0.3138
 3.00	  9750	r	 0.5836	 0.1221	-0.1079	 0.0266
 3.00	  9750	i	 0.6897	-0.3991	 0.3931	-0.1451
 3.00	  9750	z	 0.8350	-0.7352	 0.6361	-0.2222
 3.00	  9750	J	 0.7599	-0.8033	 0.7170	-0.2473
 3.00	  9750	H	 0.7816	-1.0267	 0.9417	-0.3291
 3.00	  9750	K	 0.7073	-0.9876	 0.9098	-0.3149
 3.50	  9750	g	 0.4330	 0.7829	-0.7164	 0.2274
 3.50	  9750	r	 0.5959	 0.0711	-0.0589	 0.0097
 3.50	  9750	i	 0.6535	-0.3419	 0.3394	-0.1263
 3.50	  9750	z	 0.7686	-0.6675	 0.5866	-0.2058
 3.50	  9750	J	 0.6606	-0.6116	 0.5319	-0.1809
 3.50	  9750	H	 0.6612	-0.7969	 0.7241	-0.2525
 3.50	  9750	K	 0.5938	-0.7558	 0.6875	-0.2363
 4.00	  9750	g	 0.4852	 0.6494	-0.5823	 0.1781
 4.00	  9750	r	 0.5961	 0.0542	-0.0412	 0.0026
 4.00	  9750	i	 0.6275	-0.2932	 0.2898	-0.1081
 4.00	  9750	z	 0.7139	-0.5960	 0.5229	-0.1825
 4.00	  9750	J	 0.6037	-0.5024	 0.4278	-0.1445
 4.00	  9750	H	 0.5922	-0.6673	 0.6026	-0.2106
 4.00	  9750	K	 0.5327	-0.6310	 0.5684	-0.1948
 4.50	  9750	g	 0.5026	 0.5843	-0.5058	 0.1469
 4.50	  9750	r	 0.5917	 0.0441	-0.0220	-0.0075
 4.50	  9750	i	 0.6132	-0.2691	 0.2693	-0.1020
 4.50	  9750	z	 0.6747	-0.5448	 0.4813	-0.1688
 4.50	  9750	J	 0.5723	-0.4427	 0.3703	-0.1245
 4.50	  9750	H	 0.5576	-0.6082	 0.5519	-0.1946
 4.50	  9750	K	 0.5003	-0.5625	 0.5001	-0.1701
 5.00	  9750	g	 0.5018	 0.5474	-0.4455	 0.1185
 5.00	  9750	r	 0.5841	 0.0393	-0.0039	-0.0181
 5.00	  9750	i	 0.6063	-0.2617	 0.2695	-0.1046
 5.00	  9750	z	 0.6520	-0.5247	 0.4763	-0.1700
 5.00	  9750	J	 0.5580	-0.4173	 0.3472	-0.1175
 5.00	  9750	H	 0.5387	-0.5719	 0.5175	-0.1822
 5.00	  9750	K	 0.4859	-0.5305	 0.4678	-0.1586
 2.00	 10000	g	 0.0735	 1.4275	-1.2414	 0.4004
 2.00	 10000	r	 0.5123	 0.3466	-0.3343	 0.1085
 2.00	 10000	i	 0.8200	-0.5483	 0.4942	-0.1743
 2.00	 10000	z	 0.9168	-0.6342	 0.4639	-0.1510
 2.00	 10000	J	 1.1079	-1.3690	 1.1987	-0.4071
 2.00	 10000	H	 1.2351	-1.7985	 1.6135	-0.5545
 2.00	 10000	K	 1.2118	-1.9372	 1.7752	-0.6131
 2.50	 10000	g	 0.1990	 1.2761	-1.1838	 0.3938
 2.50	 10000	r	 0.5655	 0.1974	-0.1963	 0.0602
 2.50	 10000	i	 0.7641	-0.5183	 0.4942	-0.1801
 2.50	 10000	z	 0.9186	-0.7995	 0.6619	-0.2267
 2.50	 10000	J	 0.9352	-1.1309	 1.0187	-0.3528
 2.50	 10000	H	 0.9962	-1.4277	 1.3087	-0.4559
 2.50	 10000	K	 0.9289	-1.4338	 1.3301	-0.4622
 3.00	 10000	g	 0.3372	 1.0092	-0.9586	 0.3187
 3.00	 10000	r	 0.5887	 0.1117	-0.1096	 0.0286
 3.00	 10000	i	 0.7003	-0.4284	 0.4195	-0.1554
 3.00	 10000	z	 0.8474	-0.7631	 0.6606	-0.2315
 3.00	 10000	J	 0.7752	-0.8452	 0.7591	-0.2629
 3.00	 10000	H	 0.7986	-1.0713	 0.9876	-0.3463
 3.00	 10000	K	 0.7259	-1.0371	 0.9601	-0.3332
 3.50	 10000	g	 0.4433	 0.7689	-0.7298	 0.2372
 3.50	 10000	r	 0.5973	 0.0686	-0.0689	 0.0152
 3.50	 10000	i	 0.6544	-0.3497	 0.3431	-0.1274
 3.50	 10000	z	 0.7703	-0.6715	 0.5855	-0.2045
 3.50	 10000	J	 0.6667	-0.6372	 0.5598	-0.1915
 3.50	 10000	H	 0.6668	-0.8197	 0.7501	-0.2626
 3.50	 10000	K	 0.5999	-0.7781	 0.7091	-0.2433
 4.00	 10000	g	 0.5058	 0.6079	-0.5668	 0.1777
 4.00	 10000	r	 0.6044	 0.0310	-0.0293	 0.0005
 4.00	 10000	i	 0.6277	-0.2996	 0.2903	-0.1072
 4.00	 10000	z	 0.7153	-0.6086	 0.5375	-0.1889
 4.00	 10000	J	 0.6038	-0.5140	 0.4397	-0.1486
 4.00	 10000	H	 0.5915	-0.6774	 0.6167	-0.2166
 4.00	 10000	K	 0.5313	-0.6351	 0.5705	-0.1943
 4.50	 10000	g	 0.5302	 0.5317	-0.4840	 0.1454
 4.50	 10000	r	 0.6019	 0.0198	-0.0132	-0.0073
 4.50	 10000	i	 0.6131	-0.2738	 0.2658	-0.0989
 4.50	 10000	z	 0.6792	-0.5740	 0.5182	-0.1846
 4.50	 10000	J	 0.5697	-0.4478	 0.3745	-0.1254
 4.50	 10000	H	 0.5534	-0.6102	 0.5556	-0.1958
 4.50	 10000	K	 0.4991	-0.5713	 0.5112	-0.1745
 5.00	 10000	g	 0.5316	 0.4992	-0.4364	 0.1236
 5.00	 10000	r	 0.5939	 0.0216	-0.0070	-0.0125
 5.00	 10000	i	 0.6057	-0.2647	 0.2626	-0.0998
 5.00	 10000	z	 0.6520	-0.5405	 0.4917	-0.1748
 5.00	 10000	J	 0.5552	-0.4246	 0.3548	-0.1199
 5.00	 10000	H	 0.5356	-0.5814	 0.5312	-0.1878
 5.00	 10000	K	 0.4832	-0.5373	 0.4768	-0.1621
 2.00	 10250	g	 0.0985	 1.3550	-1.1767	 0.3785
 2.00	 10250	r	 0.5369	 0.2921	-0.2958	 0.0980
 2.00	 10250	i	 0.8507	-0.6089	 0.5397	-0.1885
 2.00	 10250	z	 0.9383	-0.6734	 0.4896	-0.1572
 2.00	 10250	J	 1.1440	-1.4374	 1.2528	-0.4240
 2.00	 10250	H	 1.2721	-1.8664	 1.6664	-0.5704
 2.00	 10250	K	 1.2551	-2.0210	 1.8460	-0.6362
 2.50	 10250	g	 0.2141	 1.2309	-1.1509	 0.3840
 2.50	 10250	r	 0.5823	 0.1615	-0.1766	 0.0560
 2.50	 10250	i	 0.7878	-0.5682	 0.5322	-0.1922
 2.50	 10250	z	 0.9388	-0.8391	 0.6896	-0.2344
 2.50	 10250	J	 0.9647	-1.1950	 1.0748	-0.3717
 2.50	 10250	H	 1.0283	-1.4976	 1.3720	-0.4775
 2.50	 10250	K	 0.9638	-1.5120	 1.4044	-0.4887
 3.00	 10250	g	 0.3476	 0.9830	-0.9514	 0.3198
 3.00	 10250	r	 0.5984	 0.0898	-0.1008	 0.0272
 3.00	 10250	i	 0.7094	-0.4474	 0.4291	-0.1576
 3.00	 10250	z	 0.8619	-0.7947	 0.6857	-0.2398
 3.00	 10250	J	 0.7924	-0.8893	 0.8013	-0.2781
 3.00	 10250	H	 0.8161	-1.1140	 1.0281	-0.3604
 3.00	 10250	K	 0.7467	-1.0901	 1.0126	-0.3522
 3.50	 10250	g	 0.4509	 0.7564	-0.7410	 0.2458
 3.50	 10250	r	 0.6034	 0.0505	-0.0590	 0.0121
 3.50	 10250	i	 0.6572	-0.3608	 0.3494	-0.1293
 3.50	 10250	z	 0.7754	-0.6863	 0.5994	-0.2104
 3.50	 10250	J	 0.6746	-0.6656	 0.5904	-0.2035
 3.50	 10250	H	 0.6742	-0.8452	 0.7782	-0.2735
 3.50	 10250	K	 0.6099	-0.8106	 0.7441	-0.2566
 4.00	 10250	g	 0.5201	 0.5830	-0.5664	 0.1815
 4.00	 10250	r	 0.6056	 0.0275	-0.0376	 0.0054
 4.00	 10250	i	 0.6252	-0.2993	 0.2849	-0.1045
 4.00	 10250	z	 0.7127	-0.6111	 0.5429	-0.1920
 4.00	 10250	J	 0.6044	-0.5267	 0.4542	-0.1542
 4.00	 10250	H	 0.5922	-0.6901	 0.6323	-0.2225
 4.00	 10250	K	 0.5347	-0.6547	 0.5931	-0.2030
 4.50	 10250	g	 0.5533	 0.4883	-0.4682	 0.1450
 4.50	 10250	r	 0.6056	 0.0144	-0.0248	 0.0006
 4.50	 10250	i	 0.6121	-0.2781	 0.2664	-0.0992
 4.50	 10250	z	 0.6765	-0.5790	 0.5254	-0.1874
 4.50	 10250	J	 0.5686	-0.4579	 0.3873	-0.1308
 4.50	 10250	H	 0.5516	-0.6182	 0.5667	-0.2002
 4.50	 10250	K	 0.4961	-0.5726	 0.5117	-0.1738
 5.00	 10250	g	 0.5598	 0.4460	-0.4140	 0.1220
 5.00	 10250	r	 0.6021	 0.0054	-0.0084	-0.0079
 5.00	 10250	i	 0.6049	-0.2665	 0.2557	-0.0955
 5.00	 10250	z	 0.6502	-0.5495	 0.5017	-0.1783
 5.00	 10250	J	 0.5524	-0.4289	 0.3584	-0.1207
 5.00	 10250	H	 0.5323	-0.5857	 0.5370	-0.1899
 5.00	 10250	K	 0.4823	-0.5466	 0.4884	-0.1667
 2.00	 10500	g	 0.1256	 1.2767	-1.1048	 0.3541
 2.00	 10500	r	 0.5651	 0.2235	-0.2381	 0.0794
 2.00	 10500	i	 0.8809	-0.6692	 0.5826	-0.2001
 2.00	 10500	z	 0.9641	-0.7297	 0.5369	-0.1723
 2.00	 10500	J	 1.1800	-1.5087	 1.3098	-0.4413
 2.00	 10500	H	 1.3105	-1.9419	 1.7283	-0.5897
 2.00	 10500	K	 1.2956	-2.1002	 1.9117	-0.6569
 2.50	 10500	g	 0.2340	 1.1721	-1.1036	 0.3693
 2.50	 10500	r	 0.6068	 0.1022	-0.1310	 0.0420
 2.50	 10500	i	 0.8124	-0.6186	 0.5659	-0.2007
 2.50	 10500	z	 0.9655	-0.9003	 0.7421	-0.2517
 2.50	 10500	J	 0.9961	-1.2644	 1.1345	-0.3912
 2.50	 10500	H	 1.0610	-1.5700	 1.4375	-0.4999
 2.50	 10500	K	 0.9968	-1.5848	 1.4706	-0.5114
 3.00	 10500	g	 0.3604	 0.9470	-0.9314	 0.3156
 3.00	 10500	r	 0.6124	 0.0564	-0.0812	 0.0226
 3.00	 10500	i	 0.7249	-0.4837	 0.4557	-0.1657
 3.00	 10500	z	 0.8762	-0.8250	 0.7059	-0.2449
 3.00	 10500	J	 0.8133	-0.9420	 0.8510	-0.2958
 3.00	 10500	H	 0.8378	-1.1676	 1.0796	-0.3788
 3.00	 10500	K	 0.7699	-1.1483	 1.0703	-0.3732
 3.50	 10500	g	 0.4607	 0.7332	-0.7376	 0.2486
 3.50	 10500	r	 0.6092	 0.0349	-0.0547	 0.0124
 3.50	 10500	i	 0.6605	-0.3709	 0.3523	-0.1294
 3.50	 10500	z	 0.7807	-0.7001	 0.6090	-0.2134
 3.50	 10500	J	 0.6819	-0.6893	 0.6126	-0.2112
 3.50	 10500	H	 0.6843	-0.8767	 0.8117	-0.2863
 3.50	 10500	K	 0.6214	-0.8457	 0.7809	-0.2703
 4.00	 10500	g	 0.5324	 0.5552	-0.5581	 0.1823
 4.00	 10500	r	 0.6082	 0.0185	-0.0393	 0.0080
 4.00	 10500	i	 0.6246	-0.3046	 0.2862	-0.1046
 4.00	 10500	z	 0.7139	-0.6214	 0.5550	-0.1975
 4.00	 10500	J	 0.6048	-0.5381	 0.4665	-0.1588
 4.00	 10500	H	 0.5948	-0.7071	 0.6525	-0.2304
 4.00	 10500	K	 0.5382	-0.6728	 0.6129	-0.2103
 4.50	 10500	g	 0.5684	 0.4572	-0.4595	 0.1464
 4.50	 10500	r	 0.6110	-0.0044	-0.0138	-0.0022
 4.50	 10500	i	 0.6104	-0.2818	 0.2648	-0.0973
 4.50	 10500	z	 0.6731	-0.5786	 0.5233	-0.1860
 4.50	 10500	J	 0.5670	-0.4667	 0.3980	-0.1350
 4.50	 10500	H	 0.5487	-0.6212	 0.5705	-0.2013
 4.50	 10500	K	 0.4966	-0.5849	 0.5262	-0.1793
 5.00	 10500	g	 0.5845	 0.3966	-0.3901	 0.1183
 5.00	 10500	r	 0.6097	-0.0135	-0.0021	-0.0079
 5.00	 10500	i	 0.6062	-0.2774	 0.2629	-0.0980
 5.00	 10500	z	 0.6496	-0.5593	 0.5126	-0.1829
 5.00	 10500	J	 0.5491	-0.4322	 0.3615	-0.1213
 5.00	 10500	H	 0.5286	-0.5877	 0.5406	-0.1913
 5.00	 10500	K	 0.4795	-0.5478	 0.4885	-0.1659
 2.00	 10750	g	 0.1504	 1.2064	-1.0410	 0.3328
 2.00	 10750	r	 0.5914	 0.1589	-0.1836	 0.0619
 2.00	 10750	i	 0.9089	-0.7268	 0.6246	-0.2116
 2.00	 10750	z	 0.9867	-0.7791	 0.5779	-0.1853
 2.00	 10750	J	 1.2146	-1.5798	 1.3692	-0.4602
 2.00	 10750	H	 1.3466	-2.0151	 1.7898	-0.6094
 2.00	 10750	K	 1.3342	-2.1774	 1.9769	-0.6779
 2.50	 10750	g	 0.2530	 1.1172	-1.0616	 0.3575
 2.50	 10750	r	 0.6325	 0.0368	-0.0772	 0.0251
 2.50	 10750	i	 0.8424	-0.6893	 0.6258	-0.2205
 2.50	 10750	z	 0.9940	-0.9707	 0.8065	-0.2738
 2.50	 10750	J	 1.0273	-1.3355	 1.1962	-0.4111
 2.50	 10750	H	 1.0938	-1.6453	 1.5061	-0.5232
 2.50	 10750	K	 1.0285	-1.6555	 1.5348	-0.5333
 3.00	 10750	g	 0.3738	 0.9080	-0.9082	 0.3109
 3.00	 10750	r	 0.6290	 0.0132	-0.0500	 0.0136
 3.00	 10750	i	 0.7443	-0.5311	 0.4938	-0.1780
 3.00	 10750	z	 0.8947	-0.8712	 0.7447	-0.2571
 3.00	 10750	J	 0.8341	-0.9937	 0.8976	-0.3115
 3.00	 10750	H	 0.8591	-1.2201	 1.1292	-0.3962
 3.00	 10750	K	 0.7920	-1.2024	 1.1221	-0.3916
 3.50	 10750	g	 0.4732	 0.6990	-0.7194	 0.2452
 3.50	 10750	r	 0.6190	 0.0076	-0.0372	 0.0074
 3.50	 10750	i	 0.6695	-0.3972	 0.3734	-0.1365
 3.50	 10750	z	 0.7894	-0.7235	 0.6279	-0.2196
 3.50	 10750	J	 0.6936	-0.7256	 0.6497	-0.2253
 3.50	 10750	H	 0.6940	-0.9037	 0.8365	-0.2944
 3.50	 10750	K	 0.6349	-0.8844	 0.8203	-0.2848
 4.00	 10750	g	 0.5422	 0.5330	-0.5553	 0.1852
 4.00	 10750	r	 0.6118	 0.0051	-0.0343	 0.0073
 4.00	 10750	i	 0.6253	-0.3130	 0.2905	-0.1057
 4.00	 10750	z	 0.7150	-0.6282	 0.5591	-0.1988
 4.00	 10750	J	 0.6068	-0.5525	 0.4818	-0.1647
 4.00	 10750	H	 0.5968	-0.7190	 0.6650	-0.2349
 4.00	 10750	K	 0.5431	-0.6935	 0.6355	-0.2188
 4.50	 10750	g	 0.5834	 0.4219	-0.4417	 0.1432
 4.50	 10750	r	 0.6123	-0.0119	-0.0152	-0.0003
 4.50	 10750	i	 0.6048	-0.2731	 0.2495	-0.0903
 4.50	 10750	z	 0.6712	-0.5815	 0.5266	-0.1878
 4.50	 10750	J	 0.5634	-0.4676	 0.3983	-0.1346
 4.50	 10750	H	 0.5461	-0.6239	 0.5747	-0.2030
 4.50	 10750	K	 0.4953	-0.5901	 0.5321	-0.1813
 5.00	 10750	g	 0.6036	 0.3554	-0.3700	 0.1156
 5.00	 10750	r	 0.6144	-0.0282	 0.0027	-0.0075
 5.00	 10750	i	 0.6012	-0.2694	 0.2468	-0.0900
 5.00	 10750	z	 0.6450	-0.5560	 0.5092	-0.1819
 5.00	 10750	J	 0.5455	-0.4343	 0.3646	-0.1226
 5.00	 10750	H	 0.5234	-0.5846	 0.5393	-0.1912
 5.00	 10750	K	 0.4747	-0.5445	 0.4852	-0.1643
 2.00	 11000	g	 0.1729	 1.1415	-0.9807	 0.3122
 2.00	 11000	r	 0.6145	 0.1012	-0.1339	 0.0458
 2.00	 11000	i	 0.9356	-0.7843	 0.6699	-0.2251
 2.00	 11000	z	 1.0088	-0.8283	 0.6197	-0.1987
 2.00	 11000	J	 1.2460	-1.6453	 1.4239	-0.4776
 2.00	 11000	H	 1.3790	-2.0807	 1.8439	-0.6260
 2.00	 11000	K	 1.3699	-2.2501	 2.0386	-0.6977
 2.50	 11000	g	 0.2763	 1.0463	-0.9971	 0.3356
 2.50	 11000	r	 0.6610	-0.0392	-0.0103	 0.0029
 2.50	 11000	i	 0.8733	-0.7652	 0.6925	-0.2429
 2.50	 11000	z	 1.0202	-1.0357	 0.8633	-0.2920
 2.50	 11000	J	 1.0607	-1.4148	 1.2680	-0.4353
 2.50	 11000	H	 1.1248	-1.7159	 1.5681	-0.5433
 2.50	 11000	K	 1.0596	-1.7257	 1.5977	-0.5542
 3.00	 11000	g	 0.3917	 0.8510	-0.8605	 0.2957
 3.00	 11000	r	 0.6494	-0.0425	-0.0057	 0.0003
 3.00	 11000	i	 0.7669	-0.5886	 0.5423	-0.1938
 3.00	 11000	z	 0.9160	-0.9274	 0.7950	-0.2738
 3.00	 11000	J	 0.8593	-1.0594	 0.9598	-0.3334
 3.00	 11000	H	 0.8830	-1.2799	 1.1853	-0.4156
 3.00	 11000	K	 0.8152	-1.2592	 1.1756	-0.4102
 3.50	 11000	g	 0.4856	 0.6606	-0.6942	 0.2389
 3.50	 11000	r	 0.6303	-0.0254	-0.0150	 0.0016
 3.50	 11000	i	 0.6825	-0.4339	 0.4031	-0.1460
 3.50	 11000	z	 0.8036	-0.7653	 0.6684	-0.2345
 3.50	 11000	J	 0.7059	-0.7611	 0.6817	-0.2358
 3.50	 11000	H	 0.7080	-0.9433	 0.8752	-0.3082
 3.50	 11000	K	 0.6488	-0.9218	 0.8562	-0.2974
 4.00	 11000	g	 0.5517	 0.5068	-0.5454	 0.1852
 4.00	 11000	r	 0.6171	-0.0136	-0.0242	 0.0052
 4.00	 11000	i	 0.6274	-0.3238	 0.2954	-0.1064
 4.00	 11000	z	 0.7195	-0.6448	 0.5740	-0.2043
 4.00	 11000	J	 0.6115	-0.5731	 0.5023	-0.1719
 4.00	 11000	H	 0.6019	-0.7379	 0.6840	-0.2417
 4.00	 11000	K	 0.5498	-0.7171	 0.6603	-0.2281
 4.50	 11000	g	 0.5948	 0.3921	-0.4265	 0.1403
 4.50	 11000	r	 0.6155	-0.0267	-0.0073	-0.0019
 4.50	 11000	i	 0.6051	-0.2826	 0.2559	-0.0923
 4.50	 11000	z	 0.6676	-0.5776	 0.5216	-0.1864
 4.50	 11000	J	 0.5634	-0.4785	 0.4105	-0.1392
 4.50	 11000	H	 0.5442	-0.6274	 0.5793	-0.2048
 4.50	 11000	K	 0.4962	-0.6009	 0.5438	-0.1857
 5.00	 11000	g	 0.6185	 0.3190	-0.3496	 0.1114
 5.00	 11000	r	 0.6187	-0.0446	 0.0102	-0.0081
 5.00	 11000	i	 0.5987	-0.2701	 0.2417	-0.0866
 5.00	 11000	z	 0.6400	-0.5522	 0.5078	-0.1828
 5.00	 11000	J	 0.5437	-0.4414	 0.3731	-0.1259
 5.00	 11000	H	 0.5197	-0.5857	 0.5431	-0.1933
 5.00	 11000	K	 0.4722	-0.5468	 0.4881	-0.1653
 2.00	 11250	g	 0.1944	 1.0786	-0.9197	 0.2905
 2.00	 11250	r	 0.6369	 0.0422	-0.0783	 0.0262
 2.00	 11250	i	 0.9606	-0.8404	 0.7181	-0.2409
 2.00	 11250	z	 1.0259	-0.8653	 0.6495	-0.2074
 2.00	 11250	J	 1.2733	-1.7006	 1.4683	-0.4907
 2.00	 11250	H	 1.4064	-2.1334	 1.8838	-0.6369
 2.00	 11250	K	 1.4006	-2.3104	 2.0875	-0.7126
 2.50	 11250	g	 0.2981	 0.9796	-0.9351	 0.3141
 2.50	 11250	r	 0.6864	-0.1089	 0.0524	-0.0182
 2.50	 11250	i	 0.9022	-0.8362	 0.7530	-0.2620
 2.50	 11250	z	 1.0478	-1.1075	 0.9305	-0.3148
 2.50	 11250	J	 1.0931	-1.4951	 1.3435	-0.4615
 2.50	 11250	H	 1.1564	-1.7923	 1.6396	-0.5679
 2.50	 11250	K	 1.0887	-1.7920	 1.6571	-0.5740
 3.00	 11250	g	 0.4096	 0.7937	-0.8112	 0.2797
 3.00	 11250	r	 0.6718	-0.1079	 0.0531	-0.0197
 3.00	 11250	i	 0.7908	-0.6531	 0.6002	-0.2134
 3.00	 11250	z	 0.9371	-0.9865	 0.8506	-0.2930
 3.00	 11250	J	 0.8823	-1.1201	 1.0156	-0.3521
 3.00	 11250	H	 0.9051	-1.3358	 1.2365	-0.4327
 3.00	 11250	K	 0.8357	-1.3075	 1.2172	-0.4233
 3.50	 11250	g	 0.4976	 0.6212	-0.6667	 0.2316
 3.50	 11250	r	 0.6439	-0.0676	 0.0192	-0.0092
 3.50	 11250	i	 0.6945	-0.4686	 0.4306	-0.1545
 3.50	 11250	z	 0.8152	-0.7996	 0.6979	-0.2441
 3.50	 11250	J	 0.7214	-0.8077	 0.7279	-0.2525
 3.50	 11250	H	 0.7224	-0.9835	 0.9138	-0.3217
 3.50	 11250	K	 0.6665	-0.9717	 0.9078	-0.3169
 4.00	 11250	g	 0.5618	 0.4747	-0.5256	 0.1804
 4.00	 11250	r	 0.6245	-0.0412	-0.0027	-0.0018
 4.00	 11250	i	 0.6351	-0.3526	 0.3223	-0.1163
 4.00	 11250	z	 0.7249	-0.6638	 0.5904	-0.2101
 4.00	 11250	J	 0.6165	-0.5938	 0.5212	-0.1779
 4.00	 11250	H	 0.6079	-0.7593	 0.7051	-0.2492
 4.00	 11250	K	 0.5589	-0.7467	 0.6909	-0.2394
 4.50	 11250	g	 0.6038	 0.3663	-0.4147	 0.1390
 4.50	 11250	r	 0.6171	-0.0376	-0.0042	-0.0013
 4.50	 11250	i	 0.6061	-0.2944	 0.2649	-0.0951
 4.50	 11250	z	 0.6674	-0.5838	 0.5279	-0.1894
 4.50	 11250	J	 0.5647	-0.4931	 0.4263	-0.1451
 4.50	 11250	H	 0.5456	-0.6394	 0.5933	-0.2104
 4.50	 11250	K	 0.4987	-0.6149	 0.5586	-0.1910
 5.00	 11250	g	 0.6314	 0.2845	-0.3282	 0.1062
 5.00	 11250	r	 0.6209	-0.0577	 0.0169	-0.0093
 5.00	 11250	i	 0.5976	-0.2765	 0.2449	-0.0872
 5.00	 11250	z	 0.6315	-0.5354	 0.4881	-0.1751
 5.00	 11250	J	 0.5399	-0.4417	 0.3728	-0.1253
 5.00	 11250	H	 0.5171	-0.5882	 0.5474	-0.1951
 5.00	 11250	K	 0.4718	-0.5548	 0.4978	-0.1691
 2.00	 11500	g	 0.2101	 1.0343	-0.8800	 0.2775
 2.00	 11500	r	 0.6520	 0.0063	-0.0497	 0.0178
 2.00	 11500	i	 0.9802	-0.8824	 0.7519	-0.2511
 2.00	 11500	z	 1.0416	-0.9000	 0.6796	-0.2171
 2.00	 11500	J	 1.2962	-1.7448	 1.5022	-0.5001
 2.00	 11500	H	 1.4332	-2.1883	 1.9311	-0.6523
 2.00	 11500	K	 1.4287	-2.3657	 2.1331	-0.7268
 2.50	 11500	g	 0.3185	 0.9163	-0.8762	 0.2941
 2.50	 11500	r	 0.7126	-0.1820	 0.1204	-0.0414
 2.50	 11500	i	 0.9315	-0.9111	 0.8212	-0.2851
 2.50	 11500	z	 1.0735	-1.1744	 0.9929	-0.3360
 2.50	 11500	J	 1.1221	-1.5648	 1.4055	-0.4815
 2.50	 11500	H	 1.1862	-1.8638	 1.7058	-0.5904
 2.50	 11500	K	 1.1165	-1.8561	 1.7150	-0.5935
 3.00	 11500	g	 0.4271	 0.7341	-0.7565	 0.2611
 3.00	 11500	r	 0.6951	-0.1781	 0.1183	-0.0421
 3.00	 11500	i	 0.8156	-0.7214	 0.6628	-0.2348
 3.00	 11500	z	 0.9610	-1.0561	 0.9197	-0.3179
 3.00	 11500	J	 0.9064	-1.1843	 1.0754	-0.3724
 3.00	 11500	H	 0.9297	-1.4010	 1.2996	-0.4550
 3.00	 11500	K	 0.8584	-1.3646	 1.2710	-0.4419
 3.50	 11500	g	 0.5130	 0.5666	-0.6179	 0.2151
 3.50	 11500	r	 0.6579	-0.1131	 0.0574	-0.0213
 3.50	 11500	i	 0.7105	-0.5168	 0.4735	-0.1689
 3.50	 11500	z	 0.8300	-0.8469	 0.7440	-0.2604
 3.50	 11500	J	 0.7378	-0.8569	 0.7761	-0.2699
 3.50	 11500	H	 0.7383	-1.0294	 0.9592	-0.3380
 3.50	 11500	K	 0.6803	-1.0069	 0.9377	-0.3259
 4.00	 11500	g	 0.5719	 0.4382	-0.4987	 0.1728
 4.00	 11500	r	 0.6307	-0.0662	 0.0148	-0.0064
 4.00	 11500	i	 0.6415	-0.3769	 0.3418	-0.1225
 4.00	 11500	z	 0.7289	-0.6800	 0.6021	-0.2131
 4.00	 11500	J	 0.6245	-0.6249	 0.5533	-0.1900
 4.00	 11500	H	 0.6166	-0.7889	 0.7352	-0.2601
 4.00	 11500	K	 0.5674	-0.7724	 0.7145	-0.2471
 4.50	 11500	g	 0.6099	 0.3454	-0.4076	 0.1397
 4.50	 11500	r	 0.6204	-0.0568	 0.0104	-0.0059
 4.50	 11500	i	 0.6082	-0.3106	 0.2787	-0.0998
 4.50	 11500	z	 0.6623	-0.5748	 0.5136	-0.1831
 4.50	 11500	J	 0.5642	-0.5016	 0.4334	-0.1467
 4.50	 11500	H	 0.5478	-0.6535	 0.6083	-0.2159
 4.50	 11500	K	 0.5033	-0.6347	 0.5793	-0.1985
 5.00	 11500	g	 0.6389	 0.2616	-0.3189	 0.1060
 5.00	 11500	r	 0.6229	-0.0722	 0.0262	-0.0116
 5.00	 11500	i	 0.5968	-0.2849	 0.2510	-0.0892
 5.00	 11500	z	 0.6303	-0.5419	 0.4966	-0.1793
 5.00	 11500	J	 0.5376	-0.4475	 0.3789	-0.1271
 5.00	 11500	H	 0.5172	-0.5986	 0.5599	-0.2000
 5.00	 11500	K	 0.4717	-0.5623	 0.5049	-0.1711
 2.00	 11750	g	 0.2251	 0.9912	-0.8391	 0.2633
 2.00	 11750	r	 0.6652	-0.0262	-0.0208	 0.0081
 2.00	 11750	i	 0.9959	-0.9142	 0.7774	-0.2592
 2.00	 11750	z	 1.0517	-0.9179	 0.6913	-0.2199
 2.00	 11750	J	 1.3174	-1.7883	 1.5402	-0.5128
 2.00	 11750	H	 1.4557	-2.2322	 1.9679	-0.6642
 2.00	 11750	K	 1.4542	-2.4153	 2.1741	-0.7396
 2.50	 11750	g	 0.3378	 0.8565	-0.8187	 0.2736
 2.50	 11750	r	 0.7342	-0.2416	 0.1745	-0.0596
 2.50	 11750	i	 0.9556	-0.9715	 0.8742	-0.3023
 2.50	 11750	z	 1.0960	-1.2335	 1.0491	-0.3556
 2.50	 11750	J	 1.1520	-1.6412	 1.4804	-0.5085
 2.50	 11750	H	 1.2122	-1.9258	 1.7620	-0.6090
 2.50	 11750	K	 1.1413	-1.9132	 1.7659	-0.6102
 3.00	 11750	g	 0.4437	 0.6784	-0.7062	 0.2443
 3.00	 11750	r	 0.7147	-0.2378	 0.1731	-0.0606
 3.00	 11750	i	 0.8379	-0.7841	 0.7205	-0.2544
 3.00	 11750	z	 0.9804	-1.1130	 0.9743	-0.3368
 3.00	 11750	J	 0.9298	-1.2487	 1.1376	-0.3941
 3.00	 11750	H	 0.9518	-1.4600	 1.3566	-0.4749
 3.00	 11750	K	 0.8771	-1.4100	 1.3106	-0.4545
 3.50	 11750	g	 0.5256	 0.5210	-0.5800	 0.2035
 3.50	 11750	r	 0.6729	-0.1634	 0.1031	-0.0367
 3.50	 11750	i	 0.7264	-0.5656	 0.5182	-0.1843
 3.50	 11750	z	 0.8430	-0.8893	 0.7842	-0.2741
 3.50	 11750	J	 0.7519	-0.8994	 0.8152	-0.2826
 3.50	 11750	H	 0.7528	-1.0708	 0.9987	-0.3517
 3.50	 11750	K	 0.6943	-1.0448	 0.9730	-0.3378
 4.00	 11750	g	 0.5804	 0.4053	-0.4751	 0.1663
 4.00	 11750	r	 0.6376	-0.0947	 0.0377	-0.0136
 4.00	 11750	i	 0.6503	-0.4095	 0.3713	-0.1326
 4.00	 11750	z	 0.7373	-0.7118	 0.6335	-0.2246
 4.00	 11750	J	 0.6330	-0.6563	 0.5849	-0.2014
 4.00	 11750	H	 0.6235	-0.8124	 0.7572	-0.2674
 4.00	 11750	K	 0.5764	-0.8010	 0.7425	-0.2570
 4.50	 11750	g	 0.6172	 0.3171	-0.3879	 0.1342
 4.50	 11750	r	 0.6238	-0.0784	 0.0293	-0.0127
 4.50	 11750	i	 0.6093	-0.3246	 0.2906	-0.1038
 4.50	 11750	z	 0.6637	-0.5873	 0.5253	-0.1874
 4.50	 11750	J	 0.5650	-0.5146	 0.4469	-0.1516
 4.50	 11750	H	 0.5499	-0.6672	 0.6228	-0.2212
 4.50	 11750	K	 0.5076	-0.6537	 0.5997	-0.2062
 5.00	 11750	g	 0.6449	 0.2393	-0.3059	 0.1030
 5.00	 11750	r	 0.6217	-0.0799	 0.0295	-0.0120
 5.00	 11750	i	 0.5932	-0.2868	 0.2505	-0.0884
 5.00	 11750	z	 0.6258	-0.5378	 0.4908	-0.1770
 5.00	 11750	J	 0.5355	-0.4552	 0.3891	-0.1314
 5.00	 11750	H	 0.5144	-0.5998	 0.5610	-0.2001
 5.00	 11750	K	 0.4725	-0.5744	 0.5195	-0.1770
